asset_1,asset_2,asset_3,asset_4,asset_5,asset_6,asset_7,asset_8,asset_9,asset_10
0.22696330103215118,0.46634610078399946,0.8665201246700919,0.7222666778038542,0.7748041528068857,0.6655376464224096,0.31268926507818656,0.9892359607119242,0.9245100560776591,0.43276455721038765
0.05913311216682826,0.11694710432128827,0.37171118773827244,0.0657344042410125,0.26964572080470905,0.3672282991945347,0.0899414805633349,0.2478922350376363,0.29745188348308416,0.04938225597148172
0.17492756730216394,0.047478117353779145,0.24077615910730507,0.17508395697036522,0.15996435233550566,0.1032205707855856,0.4112020403745057,0.1548734745124234,0.33359818873298597,0.5413966881631047
0.7148061406160406,0.9558449009704989,0.5489378056360579,0.2743430293811113,0.6249137865158144,0.7919484925052905,0.05574190654861768,0.7426844706949016,0.754413463830389,0.9602733431596353
0.2576346188335954,0.2559945633123943,0.9695423066005946,0.1888513929533125,0.9347575310656714,0.26316184432372025,0.2636519890971492,0.30934917747005464,0.9023811282447581,0.15553810054218456
0.5653682622029086,0.4281084526124844,0.5150088239187229,0.8153876734816863,0.16816415163143994,0.3928190868436582,0.5805672251742353,0.7374910949266571,0.40590086137665027,0.8393947503080466
0.45343809258534584,0.057470389697323467,0.35820258214488443,0.9109786938227662,0.1921680658988079,0.8432340358742152,0.4083482936009052,0.8889834303781063,0.7356825451014908,0.5400821289245167
0.21946024912384135,0.007983944327805767,0.07028867950482529,0.14893980904827267,0.10261627982076363,0.018888642713613218,0.1057825985522533,0.020162300360805015,0.026469492902938686,0.05818134257426861
0.4057701997975688,0.04674498444311843,0.4631581324205554,0.016936490064646037,0.37831462163680807,0.24251084163806663,0.06471205524046858,0.19341190763696933,0.1429443352391084,0.1502128904558321
0.8297269892926626,0.4050014900701673,0.7048966985570584,0.13119237191189498,0.6472884326421298,0.6466436153422266,0.5285034526294804,0.9616904833070876,0.27216408300191086,0.12299996948978886
0.43792184705847215,0.30125064923469874,0.13939579694002377,0.7038703264203738,0.15135884375092343,0.3677734623828913,0.24740397603729958,0.2236381307936635,0.08601592075577968,0.3202845703947478
0.4090296912996325,0.48269451313072537,0.8038694208362825,0.5693468801153831,0.47203040520763523,0.38525738226543493,0.027251544744265957,0.2672900154739297,0.8553131172132928,0.2593214353268418
0.03208876935944142,0.2732520540006177,0.25895531513937564,0.2521570303699097,0.07196179462008567,0.023484047789582872,0.8038372067031999,0.045693299641252516,0.115484818535955,0.367427871837136
0.4427985871042985,0.08056995669027202,0.34792771838979925,0.23076629603824558,0.7563475376324329,0.145420554601644,0.049090976297190586,0.13341564675643355,0.23334276708326654,0.4519225978864142
0.7393327326559549,0.9620574938276942,0.8136716712725967,0.8243128178684547,0.7973008247450709,0.6618736582504319,0.7685593584950122,0.9095584986510151,0.856049035003239,0.7808216593365921
0.9610986653481554,0.9615989527119561,0.924832400437364,0.9544789327225739,0.6566525642146404,0.9844970149012838,0.4652538148070776,0.8020746313123476,0.7716765826160169,0.9144050969056762
0.23834774520328972,0.7983840510456102,0.9168011604747481,0.7452846630742678,0.30418032656223093,0.08643098832149962,0.22402571582381028,0.29642333800941767,0.11382234282485584,0.5024569942041929
0.773847891263579,0.09657564561823496,0.689585582820522,0.46499273572684224,0.5246877371496357,0.9211045548835745,0.44300926087125886,0.12581127103871517,0.2562224368184496,0.41803316696540416
0.3660039826617202,0.8311206796594977,0.9377310392126516,0.9973669424589502,0.8856230763981894,0.8008129122670383,0.971728941025715,0.7120278443937582,0.5560740887136301,0.9165093273271795
0.7903393246321376,0.936977751068177,0.8752931942415458,0.28286277929116943,0.5799461267887946,0.30472571717353325,0.5042888296834643,0.18421796590230946,0.15945223803744604,0.20011494878640373
0.30684750544417316,0.3940761692037747,0.5602778856246752,0.30685457857179577,0.57880423937279,0.7025234665231879,0.06960693410299898,0.5050372871365748,0.7284632748963946,0.5036758372609679
0.42611158227264556,0.5596388462869785,0.8904522565466386,0.3331867629237669,0.3804019801518348,0.9755351388835045,0.04656675471646912,0.7479815141603441,0.5606219926453614,0.9644800572012411
0.5907290270753776,0.6372595642308029,0.08908054185596644,0.15063260043572807,0.8290755401990763,0.25333758678642143,0.13353790283185926,0.5526313087313258,0.011077619021266305,0.9675057192828678
0.14254691736924013,0.24729747617086129,0.35137230484053406,0.03772840652776952,0.48968570740969664,0.060140131379857305,0.11586705711534417,0.036316028065062504,0.07165827099303666,0.18032440261463598
0.06316418920963437,0.1393422762608588,0.07049688812360226,0.1710222888400294,0.9706289688454045,0.21495667255097575,0.6078143761384348,0.6637447343808751,0.38749017893559085,0.24330660034758939
0.07960667342141764,0.8755727495396265,0.5873195584595945,0.21438414628496325,0.24187213073550926,0.019465027179531216,0.17852346346355757,0.48706190591750975,0.2322486589256143,0.9335981273672894
0.4990246243640029,0.8866878684150095,0.9372289307772455,0.9566664506012187,0.9574970075794487,0.9084676464266177,0.8798146622490515,0.4621301138799768,0.7052514046972578,0.7909201063064085
0.03939713382467626,0.17605892136984447,0.1393934566891485,0.03092286136614479,0.010828621765798884,0.11109455924155218,0.05341132958739941,0.08372295368791906,0.046891458041284494,0.020098838512882522
0.5365397578415978,0.009037190455501228,0.03596907513330733,0.09761379124927722,0.0848568859158884,0.20692435397546186,0.06370523915880706,0.0568758035934366,0.05072720488961474,0.1343572969454187
0.24691186195130943,0.28440782992604136,0.237639510802779,0.16747708259557403,0.14061601042747254,0.06327092024182449,0.371006997922481,0.15707708752892563,0.2243209906311958,0.08806347536706806
0.2775502529068108,0.5752196159797505,0.9863289255875454,0.26735299267882084,0.48438215959074227,0.3389695586231266,0.8489166227221242,0.82036108677727,0.6344582492445954,0.5148058397446953
0.22202336704121206,0.5730550931827585,0.37249911835400606,0.39513880648253596,0.39188124706646393,0.3720746005614551,0.3914724956195986,0.5870001069672952,0.96359805957756,0.4797627124336452
0.5220186078638458,0.3594641579972101,0.38117218764492666,0.5312265814005449,0.7169975842349143,0.5200084389569408,0.10062742448421533,0.533871579956912,0.29525565694754075,0.8604460430112741
0.7744810003766899,0.6343621928833041,0.7286100370451256,0.9780771472329429,0.8388921805517919,0.918417036525299,0.8783211900274224,0.8964166828304128,0.9397823847868234,0.8520330541323957
0.3642661435985235,0.5789489761000579,0.9176215374793505,0.70559115807613,0.4050147507799122,0.22039519616556713,0.23546071959223408,0.4217574651437625,0.3061650083549958,0.22416941111135386
0.42769923182460223,0.3210225404909933,0.17140785372110204,0.5877492540924161,0.5924874940445842,0.10473226224715214,0.476938659240465,0.605209274358024,0.11277992686701079,0.18287539485281828
0.5871689420132303,0.8482993261204183,0.6440004473393866,0.589059459027939,0.6018459620424788,0.5787920684353367,0.7350917169250484,0.5781177710345002,0.2911888219187364,0.7027379007939829
0.08594340058564878,0.9027477527228126,0.8777392654391706,0.8279710419124849,0.2197506172674101,0.7487738643795079,0.3350916620756612,0.9629398594458427,0.8109105147876554,0.5954066983975219
0.05173039912354073,0.6781725330751783,0.08671545360890866,0.4989643173159163,0.7816723789492047,0.18125403463715287,0.1831546709314499,0.5032584279639795,0.48118236185411745,0.4762742606389254
0.6729685441605988,0.9012264494546753,0.8738738677693472,0.5958039595689222,0.9832631933866494,0.8839505063277014,0.7900332202866179,0.7590297745064336,0.9403959432420144,0.9781706590337614
0.9378515551476642,0.042946171433582585,0.7977354906165885,0.45943602779510073,0.30949188984404985,0.0028973468377673593,0.5491017562747339,0.053995672903627626,0.20790663173602844,0.35321533086812684
0.6666808846998495,0.4460425365381262,0.17520788931216613,0.7083753888958173,0.4161047466668434,0.2205524993797522,0.9665947466466079,0.8624656199363695,0.5819035808761839,0.7803231308619083
0.4717291330029303,0.6186629351986035,0.47618533031420873,0.8058507086343942,0.12266899854474354,0.5357488169734201,0.9417727886976596,0.7720377645278438,0.6510368169819956,0.43465195874164186
0.8949049342264309,0.9148027317230404,0.7663541683988986,0.8523917545377955,0.74568769092794,0.9192525317648446,0.9400084252619555,0.7629928704609201,0.7489611100813671,0.8136140387416037
0.8349069929187116,0.984092925650227,0.9290201925151604,0.9143168213515882,0.882963719870364,0.8978592517052858,0.81774348634331,0.7485100145590395,0.6731616904011066,0.8131892631058686
0.9564572752037078,0.9548175316254849,0.715765800398857,0.5634494510419968,0.8151987062031733,0.6670580175956828,0.30094292521482435,0.6072253691671632,0.3571944496769852,0.6878267720652627
0.6465907026828894,0.5534062032537255,0.7310605528715692,0.6124851709242636,0.9462063053625859,0.839302907335621,0.843428967473165,0.9360332374288318,0.6100284208653732,0.766525283283148
0.3104706354563733,0.854252627461959,0.47209283395318546,0.013992761598240883,0.45131223841968165,0.5996419611309318,0.6091450410664841,0.13668841379168495,0.39232199050033423,0.08121442871023757
0.9539007990998841,0.6715962996551024,0.18288838953866413,0.5704935671182153,0.05108094442176432,0.616964261028055,0.712472367067742,0.6360588921147345,0.7171119732017349,0.571156174232414
0.20337857443895593,0.5354599615529477,0.6027419151532467,0.3203779043145666,0.7362373399033741,0.3755230951803739,0.31602374706552266,0.4210845852277821,0.6697332066379302,0.5988847997390615
0.377889626857615,0.4350946814108164,0.6339316013861505,0.07703064810014489,0.6489265117720333,0.37946100997091253,0.7161675105982512,0.10400074979804734,0.19659539636510368,0.10534165819056192
0.7685449390512978,0.39186911437331756,0.2705488507612811,0.6472548386323849,0.5618987966586517,0.8903216937888305,0.900784366541048,0.8878262035680462,0.5392971236588169,0.6488025056045879
0.329499845184631,0.6389978923209987,0.5449944917295142,0.3723845085848072,0.6399489627061565,0.5477554920754695,0.8447488434446077,0.6230427764934519,0.2146322641304745,0.8075234827787894
0.8187181658592281,0.09518846512230182,0.21979597593343245,0.23368149678249642,0.11635723213700572,0.8924460489088337,0.8225756003779658,0.7766734106206544,0.5594127503573932,0.14287059366412078
0.9624199973185213,0.8681479731132452,0.8817074245748836,0.5321658607822777,0.846799518854839,0.7967650389929277,0.7324629880804491,0.9675051196150092,0.8332278031387197,0.7921643586531338
0.3017244539693277,0.29529633526717247,0.8242372632086773,0.37735292439409657,0.15665958972820712,0.3209030751827707,0.8828115788430885,0.3830990968629421,0.4244052179532025,0.0426710127488704
0.1300484990122976,0.1621933387667579,0.8955056971535901,0.9370760589919643,0.7493231046979423,0.7196076147880612,0.19633477542394226,0.6111569675133504,0.08752897135141788,0.7332426543517059
0.6429572239724278,0.4088243971716408,0.405122851847295,0.13071214426737504,0.005115961286810054,0.40353298289521616,0.21535932906434274,0.8025186486803083,0.801042729679205,0.5003200701100252
0.8911564805342631,0.8342588465054324,0.29957535900843957,0.7924096338955638,0.2343359774967534,0.014473629500021522,0.05251422710724236,0.5102380013866353,0.15249033949855198,0.1678233008263859
0.6341297382725133,0.5928496051448371,0.96514395621189,0.8693365296712885,0.504073926446333,0.8737168059981716,0.9311144482327829,0.8870965379319837,0.7807148972233366,0.9571920987446331
0.12769226559249958,0.7464918840156558,0.9766509501439876,0.5937715494752523,0.39644808530154885,0.6408127820316988,0.8226230426871675,0.7056514859659792,0.28647925034881816,0.2623203170301571
0.7626643531003139,0.42431608666716386,0.7525110906728492,0.27688500453390064,0.4054980656601096,0.9091819994387277,0.61536634664045,0.6581918491039737,0.5152341123959288,0.978190185717823
0.6921894102611119,0.559767832343216,0.4054265357029928,0.004314318747843203,0.08175959655397932,0.8040779395488038,0.0999120571361486,0.3738077746398085,0.757951196841805,0.03845440988221163
0.49980703880110333,0.7943005611538723,0.8247011333789817,0.9475831520193252,0.8539736665211152,0.36574846573625347,0.8334406807435262,0.7733310172733716,0.9587294245174136,0.49432650575102777
0.09198424516242616,0.6815217358792203,0.8913875511884197,0.2604442185564815,0.5035431932847608,0.38642068236710664,0.03666675931689301,0.4230728059328047,0.26074904227298745,0.04006697174283767
0.07821823098537249,0.34835469057869817,0.020337680102217325,0.17175091471559029,0.11863382350920433,0.3526540588251016,0.10837254024254937,0.24737986705487547,0.19519340599346582,0.183547486601958
0.03341027659664755,0.0841137625428339,0.11886984021546305,0.05445825228715405,0.049009735872107475,0.021932588183444283,0.011841998351407972,0.04201990221924502,0.026523287407908595,0.014342914372930662
0.7611137581768344,0.8627789222588678,0.4983525768118725,0.43148278391026645,0.4231456650446619,0.5541416590233138,0.7016571658631467,0.24129429218262174,0.8980230684523227,0.4873555629579304
0.5330356799042335,0.6637885861388899,0.0013960938828541493,0.15397735882152574,0.23621941812033193,0.10185386405527964,0.1655643300069609,0.021866356848275363,0.696412187910447,0.6273530492212982
0.07846122883290024,0.15305058347407643,0.09453785816620638,0.534949646082396,0.1942827716137808,0.14630774461418128,0.47339255816877823,0.09746732277430181,0.06932907166959858,0.12892313071639608
0.06376539020999104,0.23259832941445782,0.004383892381298992,0.858606594462928,0.12498387981644882,0.0819276736826662,0.09632373982228576,0.5825503124428343,0.25070580975723283,0.7045874228088633
0.9930128477865403,0.7934228278037068,0.8518740983117123,0.9745343198513454,0.04835835017528259,0.9612520969479768,0.9231465615873966,0.9409651651379565,0.7274695374570264,0.9658920048207373
0.67851111579181,0.5184326789042909,0.6607863945208661,0.721611996534301,0.5199393124274483,0.38531514883605933,0.8096468415666845,0.7511475871449045,0.7793554877294084,0.6331382493407975
0.7814221344022688,0.053274335465534506,0.8823690931397199,0.8000397391882136,0.34087819597044156,0.5017826578370147,0.32929689219725733,0.7365418547999487,0.9242002066422935,0.4598990097989616
0.9156829175858194,0.8503239029305514,0.9092604275807992,0.8946793701571061,0.8090767382191149,0.9366780310232724,0.9344564735774922,0.9861000853499073,0.9211522213956714,0.5757081746405356
0.21037791283498183,0.408009878506172,0.7052333326127587,0.07210186239260012,0.12133608747975118,0.3635905625365028,0.34881778889658477,0.11726740908644145,0.4871049317521181,0.011317125863959934
0.2502877359882162,0.059663347107579624,0.2003893976242258,0.06012773849914353,0.01888947319738061,0.2800952094707079,0.27415693702131144,0.23292777845842308,0.06445653915801926,0.2769028265250316
0.1411339741587536,0.5836123216740653,0.9137893108949455,0.6806015118287916,0.9018886938841848,0.4239507231548017,0.8275965576340331,0.25373631673927277,0.8888116286199313,0.593285917337445
0.42268977409314135,0.5000339551274499,0.6479673683294995,0.24272891581691436,0.6292166997205066,0.5770454879337399,0.05504710901484592,0.630109642122435,0.1695305230585731,0.3970908597579156
0.8978335120445816,0.7213154227453313,0.5489128594968138,0.7282297449939521,0.6077502104479473,0.879562779038738,0.815873509560812,0.8966538297962234,0.721327638013336,0.46425561518321834
0.2200083389084948,0.40274807857267914,0.6182255231400982,0.2010264156116946,0.2089642155596261,0.3779106620007409,0.1185716630063128,0.5755455356225508,0.7736056873028067,0.699672954804061
0.9970191222901533,0.6628665392463415,0.9496259827245837,0.2302483036534948,0.05515088897131029,0.9805023786474187,0.8355837409118487,0.9741900537943077,0.9271097138883482,0.9307836131754301
0.8253151007737822,0.10963038728270302,0.11070225694854802,0.1646246193707362,0.49216317240908614,0.27244364864761583,0.7101212366586003,0.6988123170687274,0.5566862670819779,0.6484606862532958
0.42885263611915253,0.9300610574723551,0.21215339772334976,0.9420493516316182,0.3894924797854551,0.27798965391464303,0.9796417173698181,0.9481461384503034,0.6914027232933588,0.3842941122858364
0.3135089665105396,0.05197529881407958,0.02539657683064277,0.03330963472328611,0.20566528163539058,0.3092229572094727,0.12598021356775554,0.09659511028024813,0.297020422903182,0.01782195497989464
0.41745313177114657,0.9795727563914314,0.6905226068010273,0.78869119931042,0.6285539437396074,0.23451455064291155,0.10879923006764045,0.5174563555998125,0.4177099800516959,0.08861653348130831
0.979211639462719,0.7973629991488105,0.9087299531802798,0.9463433522664777,0.9862732127684068,0.6969259997769575,0.8743932450157532,0.4839663985086259,0.9611226137942521,0.8826864785941867
0.5587202353673867,0.4867086705221094,0.8598694575937749,0.5097824558293407,0.2341860185682604,0.5096822956403009,0.7950577496277288,0.2570435731258296,0.9970988802512488,0.6969494484843852
0.7316451287147144,0.059336628304375666,0.11337719511059223,0.45701156258813597,0.43322788192748896,0.16460074609357192,0.13211774439679966,0.1765231888433868,0.35994629195411565,0.16715901997296995
0.7460985239551813,0.5918472682727888,0.5993026256736913,0.5571310966530776,0.5597714666323264,0.16963713065041497,0.3443951229552641,0.3403313816592063,0.1538788875597948,0.2440855381131999
0.4261419764556072,0.21446115696843626,0.4596593662310253,0.06830305796641285,0.9229165690756785,0.5438258877782658,0.6939506881980466,0.8366040931249591,0.4186546233188251,0.9337257982210141
0.9104936685843114,0.7020067424906192,0.8517254458380948,0.007848875877863704,0.691167380431982,0.12481948842993913,0.10781137528159676,0.5679393723571036,0.247281214721414,0.40512942012976594
0.37498530715910183,0.3438171378711101,0.8467881555696505,0.7887002718628403,0.19956535715587898,0.19879088083225516,0.8373857839889924,0.6945990247555074,0.5221985849084797,0.520997925138789
0.043153338150490425,0.0341522217807854,0.19018890387480922,0.40214398561285036,0.1943867264775746,0.9025388792506159,0.23223629017905645,0.5984654483647367,0.29852427943470616,0.007000851052487859
0.19501732759712048,0.13927056046566488,0.5872821488121562,0.018665337041493126,0.3640536284076529,0.15287353983405735,0.05619642164297043,0.2524095873956208,0.15614554389696686,0.29456370503263674
0.7166931158382692,0.9901249326343556,0.9865919726319292,0.9065300275919136,0.9851239878039371,0.6063789801102739,0.9117425109039455,0.9356715280165417,0.9906894768873592,0.9038648209966597
0.2654161674427906,0.6839331328522937,0.7479604738798171,0.6209850738161793,0.8016258945946368,0.8086432926934553,0.7229378347616107,0.5539320989462335,0.5994284552279407,0.7461549466285966
0.8705489876990324,0.6946015968599324,0.9381171267787455,0.7931337650018835,0.5842666565794884,0.9837165756673988,0.9502081004881568,0.9739397292817652,0.3096236562076162,0.9735592567016647
0.6717322817621434,0.739375635627642,0.4472722476695454,0.7438438676263617,0.04820880995625527,0.7729762598422959,0.8982067232731465,0.6346403312950646,0.36056706636853364,0.7494444834993004
0.3941725791063665,0.989239592945036,0.13330552232505594,0.8956209805014367,0.0894010004118652,0.4675400942786283,0.4523701993369283,0.6424255387375262,0.6344539594161882,0.7702093854398164
0.5243880147087988,0.09062271081784291,0.9374439722239123,0.7005254120370994,0.618744521093477,0.739472892090629,0.35319289890835326,0.8561994578488291,0.7782159439036143,0.19884629087683284
0.4512769048824612,0.895652297876355,0.3006375931871604,0.9767402782922925,0.8438047578684031,0.9646246500944614,0.4360389864182255,0.44753260967074615,0.7280853757961288,0.9160237413547792
0.023654062457891235,0.23948991281767526,0.18792372057311144,0.36290334719518413,0.11111175889286384,0.051867684739203716,0.6959656357461343,0.0998774792871785,0.6345605506297749,0.0524995492766776
0.7833836996956192,0.024833327218374526,0.5495781813886853,0.7656015752043742,0.7315994451559247,0.4005362189243136,0.7106126577534044,0.4935130779851794,0.28712752867239644,0.1265049924661562
0.3429091876673605,0.05734413882415236,0.7575310343582708,0.012013463036130503,0.21442415915352905,0.11496263062347312,0.15714045542914865,0.11327345066336417,0.6418216124717158,0.031019475980602618
0.1175229184907557,0.9686380636313634,0.6427913737117954,0.6725006210750086,0.798534559852345,0.9134475926329451,0.977683720438516,0.4623137448649382,0.9839359278697472,0.9899223961082539
0.4782091579426001,0.9183029796239203,0.3519044819033188,0.2153968296574394,0.47594296098841316,0.8546537734732742,0.5854042086571374,0.5865274730999024,0.21442546875553117,0.3990330952929639
0.7267922312557966,0.9562087160233644,0.9148510045608894,0.7605395652222507,0.7703250524653958,0.8694922971967237,0.7065010371984322,0.9329468960570247,0.9800410611287315,0.9848135387501487
0.015820065631863174,0.21814833679622053,0.4186039665091795,0.18695019324644993,0.28490039379244525,0.3666046304176296,0.2132064161595747,0.11563110967872957,0.21034444627113785,0.22309310338373156
0.347603765158926,0.2949166484596506,0.39348824057841253,0.29809289233624875,0.3537512562412034,0.5761421040445688,0.6308765611230553,0.5945411035711502,0.5040644550561566,0.021370029667815777
0.9568200484926258,0.7717723032833491,0.9043925881527188,0.8911095436537655,0.554884833908539,0.7813834691955759,0.8620152561300061,0.9591567751152142,0.8594317305103087,0.9153300981560325
0.9785019242738717,0.07096594339965648,0.11520929642362131,0.3350011761242274,0.54967318148162,0.719213947655998,0.1446712736369279,0.7009405597730562,0.8175755664966722,0.5407353225151986
0.09483497499012679,0.2248250215634988,0.4974767025742765,0.2510854862769166,0.24308712425011672,0.29385381278524403,0.07553363733860975,0.05994757612705683,0.6408651499925508,0.8438796744558098
0.8290280253928393,0.9274183663385954,0.04226141419026559,0.8003586216918178,0.43112265621927837,0.351662618383896,0.4692135417662282,0.5623976151127632,0.6685745966935637,0.5366722148187697
0.3788499544581435,0.6529895253171174,0.44126291136313434,0.5111133058382241,0.5810931834700599,0.5260328343094232,0.3749543942010248,0.8805534517665149,0.8359251649286217,0.6970314712602365
0.6703086448677331,0.8212507349545186,0.09936168348620268,0.5101867401710125,0.36135425135661026,0.10177603007954321,0.9526407162326734,0.16632175668662721,0.6662029456252896,0.5028731739274538
0.4211064847303066,0.4897434587086358,0.6028625538251609,0.6472839902646015,0.2015658382830401,0.39290938981736956,0.6833122199148312,0.6833719701918635,0.23333379715878122,0.931994687033948
0.2752808996894762,0.5632901567584759,0.44247039541866023,0.554532069174372,0.21859356548015083,0.31783572043816355,0.21598857222250273,0.49775594709207993,0.30801827616331845,0.5957323505893508
0.16269203202255048,0.47399034799568096,0.4506521493989461,0.10023669662673264,0.6942876142194065,0.6553603081263966,0.0912702409238843,0.04074438556958788,0.3979560971957288,0.10775834730812688
0.6461098778449583,0.7087223801674654,0.14867622728832922,0.9962868669122247,0.13307795168839243,0.8719178808311561,0.8023527684877386,0.9000194876264687,0.05145317035524705,0.7536536175127806
0.20491909121822846,0.4877586702880857,0.07647597061406852,0.6228102162110152,0.1382082145712107,0.01926806404132324,0.6165050300187566,0.2947238133340282,0.5670549125498612,0.6127588128888332
0.14637783350534328,0.3346834581606589,0.5958032574600929,0.6046744059520909,0.4850693302923811,0.33826986963364636,0.13813299440475066,0.2052614106082688,0.4610712693646694,0.18655133110382774
0.8867523749708907,0.7516304821547546,0.5604929547317652,0.49014100090946905,0.8215964123809201,0.8849729974453291,0.6644248917008708,0.7923854996746709,0.9257953690664,0.8927500611473392
0.2531045930014646,0.20396935697302568,0.14344005943921914,0.32673476621715913,0.2095055865444564,0.11762018877597177,0.36592930940049934,0.45572565304349094,0.5405303335863595,0.700549203198372
0.3586023326085578,0.43860815736802417,0.6857570190446343,0.6646080600420312,0.7605896166445467,0.5814747278110135,0.8214306057788235,0.8998826413995278,0.8083432271229242,0.9821307787157921
0.21451752056715834,0.18484837162391418,0.011075743449421154,0.1214486374926832,0.11997474187400865,0.5838949725827435,0.09523556127596627,0.12325717580766056,0.2445714799244916,0.0571313183792102
0.8248788148860933,0.6671012960254756,0.7437278397834312,0.46518108118696055,0.9032304670090268,0.8431821533869972,0.4671980780279128,0.2679788807004798,0.34367196318550897,0.17670016583673354
0.6882980380937291,0.3798404737364638,0.06584432554126429,0.0003213100292512389,0.11440862108199536,0.004431435710357573,0.025918704401919093,0.009276505012872709,0.007932119402156445,0.01772925662543198
0.41174348644161024,0.7781617492848651,0.6434068736430172,0.8968671035385969,0.5232676081614436,0.16974366714497538,0.909979649938081,0.9519041588397703,0.8728505403463865,0.3922175552321889
0.6106657294857248,0.2994371542375284,0.8388918086454882,0.25473364957089206,0.341134283111285,0.3187167870032461,0.7178808217599617,0.2959393862655175,0.7997984851650477,0.49691559914560657
0.8312408458766851,0.891793978269328,0.19988235673805213,0.31237167598824944,0.19133179620989405,0.9069438640041242,0.8150905825937471,0.8350308051833548,0.31269167727798275,0.8071815163977303
0.005260362525089063,0.06569728849188969,0.03935133409094908,0.11569553088969653,0.17561080130964787,0.0292978131715572,0.07009315421899277,0.05677553646195625,0.10280151051446983,0.047667719802076104
0.4663215576903589,0.6160147093765386,0.3121840613371425,0.5452531067206159,0.5137571804257218,0.5063656197289181,0.3247598739062645,0.25888574319559327,0.2921345902560606,0.06318871813841022
0.2944657565676256,0.3581872941501231,0.537580851649271,0.6751735123596063,0.6481908077586023,0.5301933891167954,0.06482249515612197,0.9785588018499836,0.2707883663684954,0.3789656482544539
0.5294928635143301,0.4574766348447719,0.5443172892301332,0.5209085369762496,0.8867320564775366,0.6955858770791548,0.6494202392539022,0.6405868494979963,0.5915178191734483,0.08960510707923991
0.5055687426157585,0.7228525116355076,0.8827295640188588,0.3503058949015936,0.6772475766929,0.4253074035073564,0.9046982600813526,0.5383003204617788,0.7188798182199923,0.6756412066029227
0.4165234870266955,0.9002555944738622,0.4944361022694608,0.31728361508303915,0.10977664594437547,0.6452801782382365,0.8314019966685451,0.8315119957382936,0.17815081073887087,0.42151283370227743
0.0932312824685593,0.08945671755809013,0.5820644091876344,0.2991457894264455,0.1843573468709444,0.3253382593312445,0.8032979740300943,0.4253582833903355,0.17765204101349233,0.3153366365240018
0.44860659819423665,0.5870361432737856,0.38692845587972435,0.14252918047939625,0.16600713218141416,0.7406775616481882,0.4860221259447484,0.9860773315414858,0.6164442127642469,0.8607076000360738
0.742986457744608,0.8446252361360305,0.7092121302594623,0.9140998024619356,0.35636983599725736,0.6508322892420251,0.6017583282481959,0.7535268336978671,0.5467571338865509,0.8182854635560801
0.03753879156775867,0.07103798799168382,0.2748461081895769,0.3761524899632013,0.1563606530348763,0.8676337430613463,0.11834669092028015,0.0731214338633689,0.057948590667468707,0.5127446112620154
0.22815687455625436,0.03853910527945178,0.0578023527584681,0.2006539529375614,0.37410200614931866,0.24623169368946618,0.11954880591504116,0.32619044377242035,0.028826546015859277,0.8153929956293198
0.06975296187134938,0.4917004536520671,0.5972038851192435,0.421059108982476,0.05385231266029097,0.22114662160748141,0.1324173131914121,0.11235827160562123,0.1581898019285918,0.10789093537104061
0.9812633519027569,0.9136637620349669,0.013738433295037624,0.2666909047887207,0.375750087099871,0.6613706867079188,0.6189011684056396,0.1938261969749316,0.3183073735515418,0.4711945405640927
0.649029459006403,0.5969357435584135,0.4120534193190546,0.11416396832147191,0.8763852953417904,0.15907235535093397,0.19881433673388413,0.5883222090030007,0.03217323566586859,0.7295409463012597
0.7645985973441215,0.8748633241167241,0.7827756367500802,0.6742662871230567,0.7113573295633084,0.29387046385880355,0.7310861052902946,0.34567659784470844,0.5343083376223134,0.7600600010299131
0.27057938112237967,0.23681541625469577,0.78457964730972,0.9195606371615452,0.9885971317388607,0.8956926355565911,0.3195484411445626,0.45200712908886365,0.434557471583631,0.982054687562279
0.21811605721832172,0.6089730383747811,0.34621209317207924,0.5310283725874068,0.5065105632529353,0.05245349509441996,0.32795097765882286,0.21130369363899437,0.31142974431494286,0.41796016313094175
0.7820454098155121,0.8120517459846714,0.5797965735540735,0.10180673852005381,0.6728557103851112,0.7132517347562668,0.6041371926754326,0.3934620970775589,0.6540724130849892,0.6487661797187574
0.5464444507497774,0.3879848916021584,0.3868385292458407,0.9640373719980607,0.6011935597842598,0.7347367163815094,0.4725858838972459,0.7393057096639422,0.9006104083629736,0.6464152206100844
0.6415691728984998,0.9788786359768428,0.9851813309531791,0.9640618773219148,0.9593158396673531,0.6635933252430444,0.8392972319505398,0.9073737194537763,0.9971588891033304,0.9401029229500028
0.04685785898433295,0.012109509848144198,0.0997081673064797,0.10959742517885825,0.08480410745836409,0.11781958361493323,0.3356531332670848,0.060738276851772875,0.05440906294876332,0.03371203883425012
0.2174156473000304,0.6233394576726191,0.13082076298314105,0.29949278739126683,0.6189771086711859,0.8008428080529925,0.39534624966566595,0.3167515084994461,0.26571285846553666,0.6505575732551553
0.9911884871725635,0.9212240004480237,0.9242607569117324,0.9589068663260845,0.9853596790126531,0.8771552232634902,0.7990244133816271,0.7217414265659783,0.9537445053619285,0.903273068184695
0.40506449780972664,0.9627478287967877,0.5893676848934911,0.8697681315476763,0.7739677227837889,0.9371156989331635,0.807776420024155,0.7483678265503524,0.8615975172495128,0.8764287256325418
0.2686423956927626,0.23996597739438322,0.765171981075961,0.27943432302865856,0.13702426280996305,0.206949983674461,0.779842241179792,0.07956136622072964,0.16222150701282426,0.5247772144383285
0.9900184886776184,0.9176467944697018,0.9598176524643851,0.9493060079599505,0.7385590737357346,0.9129858016120674,0.9407393734437292,0.8075749152947406,0.9599414081705684,0.9779072476460371
0.44986053324275815,0.9973805616351917,0.8462459118021862,0.9791310024509108,0.9390695452651062,0.9712861000597703,0.820843701649391,0.9729162885929996,0.3762266337991619,0.5436909918107499
0.9715213354209222,0.9604027213318265,0.9646927492239118,0.7564011507590812,0.6923614090090396,0.8723007670790409,0.7897540146477382,0.6770419926100741,0.9194480024718197,0.9500667753324102
0.7024314980550206,0.892033275307854,0.9372317922901785,0.7311924884322296,0.41226199711981276,0.7359792773501086,0.24400416453097148,0.7207345932149684,0.7396260450056942,0.9318163039911833
0.8410881059465007,0.8215519644826482,0.1531320069165038,0.9453396151797525,0.8615769629590921,0.656421893884948,0.2642127938733185,0.45625248737760316,0.044439564493419736,0.7960603620948478
0.2989768931473894,0.23057373213768328,0.3724242193257637,0.27483445557858677,0.4409931947921102,0.4067968894782901,0.16179435975163095,0.6738737347650916,0.9027608793760893,0.6033815835857557
0.3435301518386603,0.5004358120201765,0.3718339987135941,0.7444987263604934,0.3903232794703506,0.08927032862188586,0.325671789330511,0.36676770251346413,0.17932737183756922,0.2837991896386308
0.024966866550546953,0.03785154361202507,0.5021153669454633,0.1671228302074744,0.7451248053807213,0.60568197768334,0.037041732373122936,0.6162855960436345,0.37391407903989393,0.08084274231036095
0.740181171736502,0.20740592531576765,0.6641254924604907,0.7561481511585575,0.3835532620465318,0.3450764233460098,0.32738391823934687,0.7660445218693401,0.3364453086553601,0.66798200531812
0.21584512359322838,0.13662466569248402,0.8716837802320071,0.6974302876828089,0.20496865184445556,0.36324525413280195,0.19596674529737176,0.9189459910958985,0.3858733899332334,0.5163448454449022
0.7101212330538037,0.8119154811171195,0.7700310851929356,0.9374399624943377,0.9755988607959089,0.835165319146117,0.6657336217528707,0.9001013497467577,0.9159676095617785,0.914181671668663
0.14995039229415572,0.39570707760820917,0.3103237484857789,0.3420174223214126,0.5035470383394962,0.8788350863804615,0.5624028419520396,0.06429385682931188,0.8147174925930494,0.367755123758179
0.16220097255749552,0.6785286721179875,0.3237832827740909,0.3615933709039766,0.26896686161072025,0.33252266898187605,0.4331655377539141,0.7128789620853073,0.7818681799439358,0.13951353259404464
0.5382114156098202,0.6688517923119446,0.22583038279903445,0.23865457606672982,0.5045398071305432,0.9061193570649476,0.8407173558190096,0.1659968046749558,0.7607026558290825,0.5228629247499285
0.6236959683153666,0.26466871733865466,0.45283476739256495,0.6509630382580875,0.5944534135576168,0.5145969550974719,0.010684389359124243,0.46762552823992315,0.3247457811250113,0.30119047449691827
0.3610829758549856,0.17178838365366841,0.5792609240095314,0.6493260849265787,0.6757913286832231,0.6746267290943648,0.5491077286405177,0.6090688223545322,0.446430479586685,0.36497285632652043
0.08277022794516563,0.1309984270537509,0.10858674318796259,0.12195991527505619,0.09999493849596565,0.8988168887622237,0.35362811813178613,0.2757621980496751,0.10629899715768044,0.03998162159621316
0.7224453378031213,0.03991506838062923,0.3278858348203376,0.7786932373544406,0.07733585787172542,0.6655941604008848,0.7840258068858827,0.42600225854351387,0.3454363228597934,0.8766497267706409
0.5376090159090479,0.514821386705289,0.7988989645880314,0.9684259661062076,0.8613335795362322,0.8301968946700237,0.8152832987708389,0.7374903437511688,0.9353801954584982,0.883052028998663
0.10532045439136052,0.4092704073987738,0.048777484047520345,0.10885795093274575,0.4964497004643601,0.2028915700364976,0.4759824366206392,0.18048739657381815,0.21082452450251163,0.5907833426974232
0.15985400537970934,0.24170492091297502,0.24913784074193351,0.1370915773385381,0.4470735853944143,0.12314918193279333,0.45324697435024963,0.11171741739151694,0.2725373649684219,0.029597479687069102
0.6343393461438691,0.17017799504947756,0.13179665271220503,0.008894256860202026,0.22731543338629,0.22977485329910236,0.17757604791764706,0.09958575443827601,0.12653975345536142,0.0035081959463716017
0.9232977599832572,0.4801162875897437,0.8088694429324286,0.5954010953510855,0.25689661776713757,0.3546624825410787,0.21416540993162053,0.1271553426509749,0.49519412518527034,0.9405884902333541
0.08202546219724731,0.3977835823269733,0.38237141876092595,0.43012651927554524,0.7125715534102446,0.13206273392409296,0.46433420950833465,0.15859575566212675,0.8276119588167976,0.09803761721729028
0.33612588157463297,0.9966827190627503,0.9151834329484908,0.7170477599432248,0.9038955840235653,0.4707459455224995,0.6598184053747966,0.9496131176887235,0.8659691010053758,0.9376232242812064
0.07778449581540933,0.6693146130462395,0.8750027283731713,0.4948435306300082,0.20203168170979852,0.9500736467489777,0.2472838770054933,0.15882481575211613,0.13405645322918688,0.8331250977597724
0.14453614822792193,0.3883758947963088,0.8710757360041188,0.804651285820731,0.24695717243569976,0.8115497738973151,0.44542813062188535,0.6999271902078186,0.6386647597950117,0.2659282577397408
0.5359355866300961,0.19931757569757816,0.7464726903948374,0.820253331115039,0.7460611030069835,0.30099936715007214,0.43305257424659904,0.1809788167610223,0.38420846521101837,0.6293437295518689
0.1369837688035035,0.3841955099944879,0.30783655488791584,0.3526581532020714,0.3971401463767504,0.541351826496739,0.8783066055626068,0.5943307148446155,0.21493929630770223,0.8202282632151533
0.6709989939008985,0.6962470050254876,0.06953207896557324,0.4054855419971475,0.8873542272963602,0.8794871789440631,0.9005299566701124,0.8727092619394474,0.9657767121072244,0.903832700683266
0.5767781735827215,0.7739000534090852,0.36282612622842725,0.5541039281346026,0.8019610760506897,0.062492861326960546,0.520740978703247,0.08016198137243276,0.35736279338126453,0.813575771959369
0.13692760476478005,0.08616741742987583,0.018566409245265713,0.4492909935566546,0.30309739790647566,0.2628195561935113,0.011048154845276785,0.15033496092299067,0.04657728275444387,0.010983307292408642
0.4296312432994915,0.8223346066671007,0.91321748341066,0.14973049678763545,0.26029553301221076,0.842570506257675,0.2905524375408851,0.12386377104225962,0.7462258390153038,0.4624282680250147
0.2940475223632153,0.15208571618556882,0.3593729247978418,0.7323508063623374,0.7021091450876742,0.6673510878235402,0.21358811255911042,0.8381971014339916,0.7805641857467402,0.1968571506815894
0.19178182044017159,0.6898495408906105,0.6783833283896986,0.17824501474377252,0.561078998871634,0.4171954531982395,0.5558403840023318,0.1082205997355555,0.29329483050772415,0.649898271128412
0.30737172725657297,0.30640365756296717,0.41613472989176375,0.15760495111817183,0.7560540674475612,0.5154263509530063,0.5788972990518342,0.33843980702295123,0.12918078662946833,0.26286112303252396
0.4224400248262035,0.27808769437460096,0.3940618174736814,0.6115786997176884,0.6089817391322127,0.0857499508926098,0.17909678557307668,0.6408976752483482,0.15876905972334696,0.02854797713413921
0.36146256955014044,0.15594776263965734,0.15768046223561355,0.3567266330579428,0.20730977761802674,0.41851256912139534,0.6753160397076654,0.4940965305847206,0.7139074018927898,0.3760710356160775
0.6199879566916082,0.1846388023896248,0.503315436980177,0.8187956014530746,0.5272960725191846,0.8628672217817493,0.5414020082568103,0.8176346947649744,0.8692912414594104,0.07542662091898214
0.4798772369541403,0.22242533016784674,0.16261688297858592,0.45591162256334083,0.011474422036244186,0.11237371670152806,0.33665310327493037,0.16548023649641577,0.030094168391664677,0.7962567970667139
0.186463340778901,0.3205796870812017,0.5230194920006943,0.4167998447093881,0.13143908012509842,0.17037940239818122,0.7913538584683554,0.06458344637896071,0.26860309304585966,0.23469722112968366
0.9979515298377372,0.9602755301936218,0.8803021596452643,0.900423652330885,0.9208835831003613,0.9552451137116009,0.9368708397048077,0.9756732008501526,0.9786420264805377,0.8976819763173074
0.23328664517420747,0.3024636299711964,0.5065670740820485,0.2414123741630808,0.23832396061486832,0.3146554468861634,0.24745155228615012,0.258938592982231,0.5632153208812996,0.09532483564478182
0.566418148674693,0.8921877874289547,0.2514602593729244,0.6442406989857319,0.6380725380922224,0.8388617218835857,0.9366493711833271,0.4127896889678586,0.48670953201231887,0.03698838588285275
0.686705798326507,0.5838252464695783,0.6905048199581834,0.8590774240269708,0.9117479029733958,0.5240144841362561,0.790407022750961,0.42218530384457764,0.4517085223190701,0.7777262453114552
0.6772918139598303,0.6045503514804468,0.3586210813793218,0.6951982080259168,0.7278559969190719,0.6034022030202166,0.05580741886304863,0.20184697535769605,0.46988338000347385,0.4078387685008707
0.10361394158056862,0.37459020121487285,0.6929703472813029,0.44438546502236914,0.5592720782165866,0.3236020710594149,0.39396392477522635,0.05345921319186849,0.8093737677413246,0.419297870979325
0.49094179675745453,0.15023756668982496,0.18926352454206213,0.2889925176523437,0.1431210822906465,0.03483197868472851,0.05808870467553589,0.024417210300206025,0.019199678237610318,0.16230901961816227
0.31113558598234714,0.5035965709486083,0.7298711492121572,0.4019013302482032,0.15286468830219535,0.5154710342929576,0.25627074873338135,0.292029406668821,0.6147627736823331,0.04660085691409835
0.9923219230244018,0.8712555993001994,0.8865332900009701,0.9822330476220121,0.9246703723374267,0.6514663762036577,0.8279977270014794,0.9509162135590005,0.9825685038360781,0.9346192950512655
0.19885362042455534,0.5838830530306027,0.4197627558150593,0.7414582590147392,0.3654575568056483,0.8326317432451192,0.6311491762332351,0.8679028771800621,0.8275285671797861,0.521396741612942
0.8552795389216739,0.33759663745598445,0.9347804960418131,0.28544966559592955,0.20789744957631467,0.09743609607035217,0.195713333367293,0.6596372901423695,0.21585453503463864,0.9096792101569069
0.4001259846479942,0.6437908471113813,0.5084371442081514,0.2252907092202003,0.20396965412162846,0.9215949751856857,0.534924402913694,0.028370809822072983,0.5781897424129876,0.9261767398930956
0.20805178164808938,0.19864021178686672,0.22140121558146272,0.6177469080614841,0.3491603822549041,0.18802829859981668,0.5502282175961511,0.9396362090718481,0.4677046556721556,0.29699718256818597
0.8853776616582496,0.7442008828053992,0.9869887156223905,0.9891095537505642,0.9850919846759214,0.4309285452177599,0.9546242762605889,0.8606877858932691,0.8796971866408523,0.7842002254932834
0.6581123184218509,0.7197869038674996,0.6237507396895459,0.29781017803802246,0.7832148734633839,0.34666193364221987,0.3394032122240837,0.7586154555202842,0.823880931103927,0.6307252459994528
0.37646357652222595,0.3672870108665992,0.7597844538845041,0.7699586716591718,0.8497850582141316,0.39869408220882635,0.5118431163935168,0.863238338091732,0.8740493444107462,0.4646761690942849
0.4048453975370252,0.15358292682790767,0.19883617231082432,0.31547715439655155,0.026316790061209065,0.05484942466138356,0.23813665902935546,0.7283905258389636,0.0531857782260361,0.19870587047068772
0.2683088716504971,0.3496523226474837,0.7012580279077658,0.3454089191015328,0.146931418219584,0.5464615397402204,0.26126237293966914,0.39223397449927067,0.5876778010311202,0.774582906484678
0.8494791786978694,0.16788594850608035,0.92021744942623,0.7630857217853847,0.26493394517735314,0.754997930456929,0.6330146698653027,0.6752431901629481,0.9948285518556872,0.9372554874084003
0.5316242382813641,0.23221483877958424,0.4040185483218215,0.3630095904050409,0.27233859988212694,0.5396975598471833,0.8807429947804952,0.09709421044380612,0.5681733012292138,0.6757302375044669
0.4649634153688694,0.0705214036550007,0.17042946041817894,0.8031393879805321,0.21569725806358495,0.7639204818959929,0.22890091627688983,0.3679641493973882,0.1369080451895789,0.33226837636137296
0.3244990904846947,0.5215255318626424,0.5161749649810342,0.3189970216728663,0.9991563685462542,0.9119380452365975,0.5571073818936847,0.6671542796425058,0.9910807938800144,0.2821719249709489
0.6624578865210513,0.6063354044550865,0.8199695761155081,0.8555651520714553,0.4409412274824448,0.8450814349396316,0.9080662188337552,0.924374799936474,0.10414722164512563,0.6894907034644784
0.22438783566770223,0.29029603056007425,0.005109650929749963,0.8581313183376977,0.0167330253834231,0.4387654920979758,0.17544520628203117,0.31224072219624155,0.08605066859315494,0.09700751691932684
0.09308484960134883,0.21616288624843366,0.19595967004685988,0.9061505167935476,0.21251488442221325,0.4683681336945364,0.14004730561273607,0.3937626861041807,0.7471104177942269,0.26370890877854725
0.7879832831290351,0.22042777435276095,0.4598525415930917,0.04206210014581895,0.08420814641328417,0.1829939518072351,0.20834054783539152,0.11406903836231998,0.2978624595481806,0.03203569579440633
0.9088004693182992,0.881531284546391,0.03618802033569566,0.6581409651037329,0.8777045624544689,0.5838369346230365,0.7938829964021417,0.6543236454074544,0.007860936565944476,0.9521818377197513
0.3227364026188553,0.7003073412558218,0.3585788987364429,0.455629827129911,0.23028421847948477,0.1513216529193067,0.7471959712731424,0.10201825017686521,0.22183964284650476,0.8108183779321753
0.5659882627141689,0.4040586171182095,0.2701749405232585,0.16959405642434283,0.29624680161827976,0.6854645783423122,0.5623144047426498,0.2132692453775649,0.41795473217664614,0.07621769204963265
0.7748527574527553,0.8989338135300272,0.4299319389018364,0.13375515777382968,0.8133618605537898,0.15914379769690312,0.8920597930099785,0.858901790129617,0.18208408408583893,0.6189068324677398
0.7923854377676537,0.30754182322173174,0.7109663061362579,0.5429867366534895,0.26603931807424597,0.5694242544119033,0.3369433576937171,0.4573096874130836,0.19666058343554282,0.4681578968308586
0.8979025947413636,0.8715295144478975,0.48576377936787235,0.6069992454601769,0.7495416864473046,0.791643493147378,0.9075202720312798,0.6599184503117705,0.722430551741056,0.9556627211968792
0.6109604857020272,0.4432271779760637,0.48907278685936,0.21960283723862856,0.7502801524617209,0.26961480245272057,0.3080746085659394,0.7028891439635332,0.8012735833065537,0.3508594147560615
0.8862903585197824,0.7995043618960229,0.7463756114869136,0.7371363367452972,0.9531216682684718,0.7926718118218449,0.7217527168028276,0.6876890917435039,0.478406051499763,0.8171892497081695
0.7701223696147835,0.5795097335820781,0.5458031262530918,0.08952080822391359,0.8323847787260067,0.577045173459702,0.8626196393910026,0.2766035861556767,0.303577699746431,0.4395200659227849
0.01723954061866718,0.6223636370016373,0.14208947051235313,0.11374996731907329,0.8118300267508229,0.9195407955430682,0.4086134315202312,0.13174921827194042,0.5701371843108864,0.025953930060981716
0.19867952199055344,0.6569492866986764,0.07975939437731056,0.30442951139437724,0.11798836804964587,0.2519081726739689,0.22129574161899715,0.7620842764587237,0.45517865432077365,0.31880288215903996
0.3547532365714795,0.2468532734080276,0.8548972169867972,0.5364793877365843,0.5866833792269727,0.25110779126687355,0.12809042432118134,0.10206529558166658,0.49249293117636467,0.5074234632023285
0.1211258581833461,0.4309706857184521,0.05906238582659076,0.6900401454249652,0.40645821999938736,0.5185956882672041,0.20931099141108453,0.09969410763446532,0.34756135648791586,0.1130913309826067
0.5371474872521198,0.1942764254552979,0.3506163186727253,0.4125611298885718,0.5412006788555188,0.12850908308171888,0.2454055530534896,0.5508632634952988,0.39400946528240877,0.11187191985297901
0.7839166801667374,0.5958450104692842,0.8231945131772141,0.7874779377756422,0.9377691094707403,0.4833686698461294,0.36803481590975595,0.5388292457327628,0.8291697064909012,0.8814538930094333
0.06820903396887097,0.24974701293814655,0.10403916012298016,0.3228127752962744,0.10620090734459556,0.18042456336644833,0.0757149327142422,0.8117494540723966,0.7477277336706268,0.15453358360474564
0.3120994319258309,0.8351248154485474,0.43579669905438556,0.4565911902161488,0.5743699313699464,0.29250679362753584,0.0952882025685815,0.04168377448264215,0.5455581544030235,0.42231808368846613
0.5379986112665148,0.9416324392015883,0.4672051990408722,0.5423986824981895,0.6091256036711634,0.6394581706918332,0.6437596144134475,0.5000313596989894,0.628386172496536,0.6457105231426516
0.8620394518598014,0.248059567731082,0.29309172449809634,0.27177435790136706,0.09127899382600854,0.1604286749883965,0.7630291056377396,0.5790112476488567,0.844062181288243,0.623640574717446
0.747807323325719,0.8586350199976078,0.22524125665701364,0.6844259684002438,0.7223601230420154,0.4889171170136942,0.7152305539069514,0.8272134415830257,0.8209415613800569,0.9185939540110557
0.9843700076034954,0.7327201037715394,0.3962725098670559,0.7467668982569882,0.24357051613988215,0.5413231306012001,0.41332249441689817,0.5461054628277626,0.5542098371157854,0.47010051240538114
0.6902707834721857,0.7802711115055957,0.7267301620552964,0.9583642471202546,0.8224239799465096,0.19213953113332505,0.24048428156475551,0.7847792523073511,0.5023590540711319,0.7650677584034483
0.7367907310836908,0.5161250051942711,0.4298770443124689,0.7710558100635274,0.37039219015452207,0.1507115650139291,0.4244745513937239,0.563012123252779,0.15713023620623087,0.48381356690469596
0.9036168851661175,0.9290597840055608,0.916485004981268,0.8942706076274863,0.4622819326686676,0.6125391869844132,0.725097173356692,0.65535380019871,0.860135704268536,0.719806392870231
0.3302865523287099,0.31391431749937726,0.17322153968976967,0.1153365090160166,0.6045838087156387,0.536005031663487,0.543731729244491,0.4801084252298282,0.7947005264708478,0.9237483880313151
0.3168061600686942,0.15663981683675585,0.3852669362688052,0.521032797562907,0.6587014396429811,0.6465952735602203,0.36244854623620637,0.13724144583806433,0.4055909703229548,0.6483532348475614
0.39621671117195395,0.2685282254017115,0.6077400805211306,0.1943339437019826,0.9678692643371268,0.1233829818990412,0.44205681801784547,0.5246874773702358,0.24627627450928047,0.48088159105229933
0.5455736187414757,0.11192449041213406,0.6916456328842673,0.8719863723468735,0.4545800129083742,0.6255709908592137,0.3623935094634819,0.015048651321672638,0.07119301789706035,0.25352524285704847
0.7422148706840648,0.5993814340999997,0.26064972872799763,0.2262463662050858,0.9750837063517298,0.30056668553358046,0.6064490465257737,0.31703003812813974,0.6694309338190269,0.7001446214849039
0.04740762701141224,0.15317482297885984,0.14880644408022833,0.27444067612790035,0.40126497594498767,0.6621425536820053,0.1812311849378027,0.16569013368750898,0.2668809636825231,0.2979129616969439
0.21419918582408834,0.12258538247785092,0.24283436566149716,0.1067435848761379,0.12235242573779327,0.3906441695418062,0.11485074103370327,0.04701831201599518,0.7299636220935444,0.6106560462835349
0.9777002687374198,0.6734032107356136,0.421647463955894,0.746958183868542,0.8784383997292746,0.7680026960889903,0.44990645312407085,0.8576618091398498,0.4588348381147184,0.7945088831980432
0.9393531289639279,0.4503247695444401,0.8897849343275713,0.8132942289578866,0.3278275298300661,0.9735491809310668,0.3171083876847258,0.7940340590195585,0.647864638711398,0.7546842888470436
0.6627129218152232,0.6464537193064746,0.09100143193329101,0.718564985139678,0.22389986384899488,0.5988573044695211,0.4903989023821226,0.6071592816169508,0.7146820097982234,0.7575589696565124
0.4311313894644837,0.7976480044801627,0.9250425743364312,0.4045646461412393,0.8331734166241294,0.5841688464220397,0.8965491834772072,0.046090240263224204,0.3793948933218916,0.15380649960194057
0.7990598537587218,0.9492696219081576,0.9631270729408233,0.9909058333376035,0.9782344848835407,0.953657716722889,0.995075852892408,0.9740029087635421,0.9355542971627412,0.9216269175971035
0.9234556834948827,0.9457687774300649,0.847119231730823,0.6915014702926654,0.8983399368377591,0.9811937337049088,0.8127330672361356,0.8016443886244164,0.5623017205801633,0.8219884207600003
0.013062063906875795,0.34586943156241795,0.2791410323058552,0.09009983436884282,0.1239158425461969,0.5113429062074663,0.24057322163726405,0.03673594710174715,0.3983328093622315,0.014737024878845466
0.04477014915642851,0.5454867406045886,0.13960004949481697,0.1937469680234842,0.18111385338723499,0.8044935548322428,0.5128081721620682,0.36389004510329476,0.2902971978528845,0.3231157017832412
0.012142233550094889,0.025998462108042866,0.17000482253103177,0.03011829095130927,0.07261015615026052,0.27520338811848105,0.29397751330569455,0.6156479774441435,0.6836034600406176,0.15663392176892554
0.20439521568088426,0.04902745508996444,0.34127981251049977,0.017066000063896955,0.11755370690935163,0.3386833414515996,0.06076251228378683,0.04067246321941927,0.08523585729764813,0.08330140366924765
0.3111864982371011,0.8029780112211913,0.05920883570231241,0.5449448152117115,0.7751846536812157,0.18940334471805134,0.3414511586678388,0.32074429447297104,0.5876852905301301,0.5892431521120677
0.5757514989133952,0.6093267486022511,0.8644749879221211,0.3267654119316644,0.6498464602456491,0.9272045497459204,0.31390030783145173,0.9355758497362839,0.705573288972948,0.9915655756177828
0.4864478388650959,0.6068777045906029,0.4415639548633059,0.5064883768282348,0.705843884304217,0.4140424374344781,0.920962827804127,0.8687360511456677,0.644582359923618,0.369887475844086
0.3788275776165376,0.4061522358762915,0.2330933149727586,0.7952822678786085,0.6180982512588953,0.6590088516460635,0.19446292655815448,0.2958188374368879,0.5261508981685428,0.08740680263355277
0.5461953695957601,0.26757362644363025,0.7708766596668223,0.7579919641369358,0.6594495252846237,0.25570299658892165,0.16487131414152983,0.18672469834446473,0.37839042140686974,0.1370408926629362
0.5956964904388281,0.22959433206979507,0.14382321661291428,0.38872977766154254,0.6017877665631558,0.9481323872408428,0.5914126744098999,0.1624794055646842,0.47384366046281523,0.4785403343486155
0.24776409991189624,0.2995612448050882,0.5120511554772712,0.6379191254067531,0.2397521734785246,0.6011941194470104,0.4484755800958597,0.5410143779923684,0.15359497217194804,0.5608674357150437
0.7155756532302393,0.23957687228052513,0.8943571351923404,0.5313417380210187,0.6675850630468102,0.7685442578388303,0.7567523978522772,0.761296283563553,0.7569997826989562,0.574683293020514
0.04936865686481675,0.46348311084916544,0.647502067433448,0.21080975894481258,0.11333127083789776,0.8208277190495142,0.6631752357717968,0.23159089963155327,0.4099435639041724,0.2159186007937562
0.3863012845531548,0.5491128098657785,0.45733107897393327,0.03005726337048249,0.3235034534880883,0.1840883805504776,0.33910708298201997,0.3840429546001042,0.26762760047087275,0.31569149666167085
0.08423744059561208,0.2331445625225935,0.6683522476401995,0.41373001185596336,0.04457689922592602,0.26953026971409233,0.049104521770475064,0.3439809795510792,0.5979986254863668,0.2722795609980198
0.07542593409328197,0.4775144576672632,0.5091774353897115,0.917939447150593,0.3710077605029568,0.4227889765858277,0.30438991897573253,0.3887015179698958,0.30488123569138703,0.9013744043042022
0.6006663901787563,0.4117779122275169,0.599453404519203,0.654050252385771,0.6499970522397314,0.546805247273482,0.004493874191338748,0.34021120880821354,0.5718632278177469,0.30961501956699244
0.4234789647353331,0.3404816452109547,0.5366625655808193,0.669417688829723,0.3961538520944149,0.03116452878503304,0.21190200819162233,0.3889656757699018,0.2034797288441103,0.0038294360398584896
0.7414455475584881,0.9172001542111365,0.5929696683509973,0.13228338284112492,0.648385154794872,0.7681077869684175,0.8877891132752653,0.5404737682112308,0.42389073202713484,0.8198502488454835
0.5841073533849154,0.5509741905237625,0.8668628191526857,0.5714807476589929,0.36185409672162094,0.4073092137247073,0.6890708385371735,0.4501437370399758,0.48537235605630064,0.5723815434482138
0.526388408552048,0.09580793916352527,0.08038110679677608,0.0009452905170188758,0.020795770677506636,0.11643476945174286,0.19813494707704082,0.16773172020518692,0.6970055168380062,0.2706413384571018
0.8309781687414135,0.8579098087440755,0.9951521831598289,0.6395505149160435,0.6239029643518894,0.7361923417638511,0.292683744719023,0.954439218324662,0.7818765609878764,0.9479031744669029
0.7201581970574793,0.8290804582708856,0.86009625182192,0.8122283674863001,0.8787213601878282,0.8621642871100268,0.6159700904681186,0.5429770569443866,0.8991288122170056,0.7962529999974925
0.021482745828373506,0.858107805660401,0.898719075278421,0.08968907211331788,0.3839665957781284,0.9154707280937842,0.7403679605158542,0.4281269105217943,0.913864815407576,0.28370533127284336
0.16075298790502723,0.2611559664260713,0.11620150087853032,0.04317562107170526,0.1547686833597439,0.20138753299272819,0.26023358594010004,0.4442031762338988,0.12970461240618708,0.08612402566943467
0.7637448521190923,0.7815447482052853,0.5269154366499779,0.2847035841083029,0.8372864638852535,0.30331038845489616,0.6652563702051566,0.795905983816404,0.7057694744597414,0.7593803765340504
0.8278158744884752,0.9123912229936559,0.5804620868529564,0.9340311521548431,0.4191163901279453,0.6991545396904546,0.9222896061658448,0.13872228097997502,0.8005532521261512,0.8884849575381725
0.29609821385041,0.09816260110077475,0.8793808575031762,0.25853041360752127,0.20865011688959784,0.5607585016787046,0.8630200996565579,0.46701155413210493,0.585304919473698,0.9646701489058135
0.024563080963441637,0.7227978147825876,0.6263950254037898,0.3425928741411836,0.0017439158525746983,0.47083034696202986,0.8694222010184776,0.4026967250848204,0.19239791195700948,0.2844142174789841
0.732347628348383,0.17867358741204756,0.34537176706482675,0.2329686780169503,0.4079177487023059,0.32052523017317747,0.11444523714380359,0.09139053791331021,0.321146596026879,0.9952936525964149
0.7518201455088354,0.05218020666104747,0.3199073825846104,0.6085294269810347,0.6520505242395489,0.7686454069406397,0.69946725076525,0.9143924101157641,0.5228770296087354,0.19572284628719422
0.6013209282247732,0.9453965329762036,0.31929626157610796,0.2924707829502156,0.3479185151692916,0.7659747189905085,0.7776158586846359,0.5978110266728522,0.4185278279068005,0.5823721389454387
0.4549845599392686,0.2848470937560656,0.37198220663442594,0.3814552815578593,0.1305261904152057,0.7855786299168115,0.9040409300969038,0.6298299465294557,0.6680269819768545,0.7802656862983475
0.46219756985307314,0.3792654972917306,0.641438583076082,0.44718952922197197,0.3332192803959178,0.6018069188990424,0.2669887258469434,0.34820651736928987,0.6919015292309036,0.11236614978322639
0.5543464860937943,0.744456797591343,0.47215679084988404,0.9694129611866574,0.307096659761626,0.1957512400248412,0.3177267016575849,0.20847346500276873,0.44762524565201056,0.4728103289780008
0.8338055699487247,0.22095599823301726,0.28917663818688344,0.2359291801433811,0.8153250592093344,0.6856265433094135,0.37575963708677795,0.5071200517737695,0.5960689783812946,0.2658500428166092
0.0036896208391212367,0.472944933719413,0.5407151793752267,0.20197088768638674,0.04947706276682566,0.17736284944903657,0.18419030740276432,0.19684685886837466,0.15630910228213105,0.04289329442243619
0.8277423865642357,0.07748043653842329,0.01649818214282586,0.534337554855815,0.5582522535037788,0.3907128318505383,0.5337163693001195,0.5985105142519425,0.33745653476405724,0.5526964093926121
0.25987736855624033,0.3904976923987777,0.1383971586539317,0.272237837346223,0.564713568998957,0.21254071498439714,0.7773700661187872,0.6674679043830114,0.7058226387111888,0.2203328025510805
0.9279033688985632,0.2115569197041552,0.8887331136623794,0.8109250869336104,0.6578341410619518,0.9767184775743745,0.596282183794712,0.5766710763866165,0.8490532110258039,0.747808201140792
0.8669593072686698,0.6501965839602939,0.829456226644573,0.9669454427736232,0.6567725087011325,0.5147057947903415,0.8538564581971384,0.9176628736255723,0.20496733181050478,0.5251716531833359
0.4458137662743692,0.25192174852861027,0.6100143871550447,0.3653042337241724,0.3113874736540969,0.9851245552525041,0.8017231634744811,0.6602751025033538,0.3391496919655417,0.6910548824216833
0.14752843316365194,0.11581651621138468,0.1918827966644681,0.2334282367919805,0.18359973868271123,0.1044286360335955,0.8649120956869077,0.2621505926611445,0.046872317032494386,0.4124531194195905
0.36905741304686285,0.7407580953161068,0.7999107192294506,0.002416178674687947,0.4052041851360905,0.2261693382344528,0.9398544458460837,0.31682145439244414,0.33627351548266515,0.08265470178503258
0.40686309697634837,0.5602923829052701,0.3443976622384668,0.6751211213211602,0.9879444014839049,0.5437828647832985,0.6867754978949387,0.6840893873020455,0.2103449969791679,0.6047362413686518
0.02426552976229741,0.5179982900923459,0.057751937766068955,0.08156725594652353,0.030368816784848075,0.5331601262163499,0.13200175205333106,0.22194709689989114,0.1897477535925092,0.6074890094921158
0.29257143550175646,0.543215731837611,0.6463519854112518,0.13155385734618938,0.027208337875429138,0.03265046121599154,0.3902395402169533,0.1799182256756435,0.033829730299405905,0.10334971709691544
0.546110853267378,0.2587479634469041,0.3714191612489569,0.15184043600149402,0.29122468238386334,0.08455780382356137,0.09398835812703366,0.6249676339652239,0.9903656126038372,0.6688778981407502
0.3692601150215512,0.12164119215316918,0.8946342809195741,0.347718611902323,0.5931377175068732,0.05066771948518857,0.858385846400342,0.26586719902107636,0.7773244022088821,0.28058550046441744
0.04739836673802255,0.15088294991202358,0.2654226223047615,0.32705358332041934,0.10114980818609888,0.19426163833350057,0.7233181480543877,0.5400046656829898,0.36057532945637405,0.04951367349640938
0.3544464997944272,0.39745318624380355,0.2840234302276513,0.8723977514558647,0.8587391580928385,0.5308435602668239,0.4891374045296482,0.45713439019537616,0.3586195503220012,0.8256933761296852
0.3650145196604405,0.8969603327200755,0.8309039913265543,0.36601074067415884,0.30235972969856095,0.9158419018277035,0.7007331635133485,0.5757550509882106,0.9956595151750303,0.6309544673250236
0.8934188182492598,0.8673585454686721,0.6449833512398706,0.46306053287138604,0.5667354919593557,0.06471098920114549,0.26424104071088617,0.5572029508755756,0.6232739425853026,0.82119661490044
0.9920025096360519,0.35533647362651977,0.8942233343627022,0.7221296679160853,0.9644684024830931,0.8840427771869583,0.7376985555025142,0.8559112236463131,0.6265072134221572,0.8960907449404438
0.03533664727393911,0.02900136859586243,0.04730369999909403,0.3072541181085682,0.28617379712132346,0.091490264784207,0.11252373607491467,0.15619069227015078,0.05582620747415982,0.03632599010230136
0.7778810550882017,0.6408124166522982,0.19217863880000144,0.5855654152575862,0.5143527414361514,0.7088772310147975,0.09833493290462794,0.2828087511994097,0.46493987241916124,0.6947482660267537
0.5536784312419224,0.8578018603567267,0.5116084909228239,0.5393396709076015,0.5909772413564242,0.3142972702232876,0.36830412131491747,0.8444091674405372,0.29386725632135285,0.4791692708934111
0.5097104208316914,0.12619686575667846,0.24461571344176003,0.6183863295807787,0.7296160548106783,0.25246932660186333,0.5335827521496445,0.804741071649211,0.18706993731725044,0.3336909472937887
0.4548797753826277,0.5543597325697445,0.8009228017220424,0.9873365616317816,0.7112074601229611,0.31912245876689116,0.7815695140982819,0.8620921868588667,0.77181081959012,0.6326755252729515
0.5793918413284669,0.9862634356644935,0.1529430716427331,0.8369046817936107,0.9466041413223562,0.9750148995092844,0.7915981526287827,0.9896869356558708,0.8557036315850497,0.669503443553217
0.6618599109839243,0.932409376039687,0.5538926800199981,0.9835362065722838,0.8903863033126012,0.9460363582662512,0.7782507444374756,0.5519839694987073,0.38765605378693896,0.306013724348441
0.9029092548194548,0.9961631336904379,0.8918126176111404,0.9847075826055102,0.8235989115217958,0.9527043308888279,0.9786029342266865,0.8901350220968293,0.7805928586868022,0.9261245830912253
0.3309490491113452,0.29031640779689366,0.23662638280797818,0.18061723226131576,0.14365070753043058,0.1639379043258653,0.06323665446160322,0.15403184510285262,0.8176579262875672,0.6470334687985324
0.6734869565382429,0.760300138066015,0.6630844239982813,0.7068532114802379,0.98458788158949,0.1782565808149268,0.769027885510933,0.9743830482443717,0.4704900349763843,0.9138459044780591
0.7351844835741204,0.44752048051441196,0.7464833258795187,0.24907555985302032,0.7068289100265414,0.38861469716096886,0.9435930094371171,0.4278435112067412,0.7647628334278977,0.660419288962045
0.6503821493431061,0.6530692240041911,0.7496053787280788,0.7512704362573203,0.12758014073179563,0.8321666558707563,0.8449477296144243,0.458726567142861,0.26914403385909524,0.49922574849756673
0.34106388056800724,0.19447225914846966,0.60323832818736,0.4329225961874109,0.708481761117846,0.2177355527819051,0.7659871597165896,0.3937048687207864,0.3505403280658114,0.4786128351020026
0.346411516784411,0.21050695153556304,0.10876260435906808,0.22536831038234717,0.9898918709972973,0.7445156541079527,0.6032832322692511,0.9076557924992578,0.658657358970564,0.4588379072432146
0.11254252426691663,0.20885115286885614,0.5177144748533258,0.3451973649745337,0.42795377434263593,0.4413993091519232,0.9236507578930524,0.3955315093696014,0.6340102263375258,0.8283014497753907
0.5510448075976512,0.5070993168858982,0.9662172436319996,0.437660609706908,0.821311225709833,0.4046162930277391,0.9758070112968881,0.8335984748273133,0.5719570845432225,0.9349257822025802
0.8179394522844142,0.8297059549544255,0.6648408116165182,0.9901252952096873,0.9505015158996557,0.8618284117443185,0.9513650743633673,0.7296810536510105,0.9626369835730043,0.9488665880973473
0.7962697205079349,0.6257423969330724,0.5801819998324853,0.0035544867201656605,0.5164055446768172,0.5149747787684885,0.5765498531364036,0.35954308768430066,0.6147725240717561,0.39176584685622867
0.775963211685696,0.49767905807840734,0.5004309866022214,0.3424358707560724,0.8451828819960199,0.692861916924425,0.3126962707872025,0.7516820642500366,0.5814092083807885,0.6846686633002406
0.7224713179557181,0.5948679567192131,0.49125424977595933,0.015197005916831591,0.10086670092369147,0.5791134498738675,0.5965266474153497,0.0676108313783574,0.5700088067005715,0.6356620530967876
0.6224828457285458,0.7067935360381001,0.7212694075001385,0.49717195252888213,0.7527836033610313,0.2822858955022115,0.570307546908121,0.9831988836430394,0.6160764615800602,0.6404700011086356
0.6677130262408104,0.06774516113875897,0.36021659860433375,0.12606897881228643,0.3634884017739545,0.24094359224427245,0.7038576102531298,0.9391874165577732,0.6367779894039194,0.19147740594292076
0.3316760834138153,0.5370877611634065,0.07140274069743165,0.45587826976496504,0.36384292554859177,0.6161215637341103,0.762008142240971,0.7790701884092767,0.058630279276663956,0.8654755475894833
0.33852539560990647,0.36164863738088515,0.5428764298783197,0.7998909667766669,0.3133273445744524,0.9542272998238853,0.9029441335972765,0.06620967869331615,0.716614290769757,0.11246033995192688
0.5712644008258219,0.5874161471089712,0.6720021808293597,0.9581637758530156,0.502255860395585,0.6137207020632498,0.8478245268749927,0.5970769319523991,0.6500660411965868,0.8691607064051157
0.14314786953576586,0.2799694183038324,0.3185452242590203,0.2320591795301652,0.3434094456021056,0.498759354220903,0.1598276523534747,0.054540517886620954,0.5298078963766787,0.02233034892857513
0.6054836470287368,0.41570954645655234,0.5962598565013305,0.5173747950484057,0.46017956628952006,0.5527233661182185,0.7164364482569472,0.3515618474644432,0.6440785902085491,0.2162836514610471
0.44996565921461196,0.1300740908597925,0.6872569871645942,0.8299095630262052,0.1555579488411746,0.11751353994441954,0.2832405022611463,0.28018131202791857,0.8548512666576307,0.8250600416516546
0.5541438239904934,0.2538517996942439,0.48557951719667203,0.21344896782175232,0.4015705295646213,0.12135248459366849,0.5753404352185082,0.43837697508973755,0.4418908114719411,0.09346639975883951
0.08282393426307341,0.044324083195085795,0.23304029673222312,0.2295465103859564,0.2880101839010903,0.8791008850251987,0.1709217865714442,0.8901357397530255,0.29473786659360907,0.8539014339911891
0.08951038398796879,0.04202419358922392,0.11160046132036394,0.01028495376186393,0.2221841182006937,0.18685165850593524,0.17459730648501326,0.09314473959450396,0.02132700460995536,0.12206481246272696
0.3458195159407798,0.705793551695594,0.4340266852712839,0.333511221636016,0.04091769472970187,0.36477924979332355,0.3140375946218542,0.32709079740520197,0.8000886761075898,0.33561167179824786
0.8297033717748447,0.8727567261006632,0.9196132565363818,0.8017813943547648,0.5923170640482378,0.6139758537533615,0.43934903194292885,0.8196452789618622,0.236301183814948,0.9861135123162128
0.9532422005775337,0.9682747647102429,0.9824524295672811,0.8399200443004761,0.7664588470889787,0.8362227928580346,0.9323281244350865,0.99681854906417,0.9021718525757114,0.9908948080051849
0.878808958732777,0.8001336526730807,0.6892007206819062,0.7894110275682477,0.7459751524666758,0.9040934731871426,0.8856476587061536,0.7667929013430965,0.9219789228267967,0.5486434106332481
0.08427208137356995,0.031221916126786788,0.06228722328515569,0.15290285802823292,0.11553172183742463,0.6953972996694464,0.03069897555812699,0.08784203886556782,0.009670488920445268,0.04681509790810877
0.4801359812877292,0.9499599207801399,0.8211444833025359,0.32003863823764445,0.2618341840282938,0.30955743675107394,0.24991173170394892,0.0712792229158169,0.9039121397526272,0.3157836812825153
0.5937314130188467,0.7069724515528966,0.6715072942568545,0.5392065953921179,0.25246912165578994,0.2595459291982315,0.7117099764676613,0.4872098308600701,0.7101219552736693,0.43467440086517906
0.11094974169076618,0.10870919260966605,0.4258781235483976,0.2996196192849814,0.32337970174398034,0.1983267383082176,0.7214194788581902,0.8074777775804587,0.7445872970863605,0.23867205942454248
0.626446401820544,0.4728698800027955,0.15650667847304248,0.9225853243175898,0.27337827416432414,0.4775063427197515,0.3223381372503015,0.49152507843148274,0.5398099319662906,0.11638015967098544
0.9815521890541498,0.9733276794773755,0.6681458724905697,0.8861653872947979,0.9901697718913973,0.9148548370337355,0.8358860195355192,0.6529220937673484,0.28070929842109044,0.901823262582016
0.6707759182340205,0.3737722057649164,0.6975366527179132,0.3852500275394355,0.6994087276930656,0.8834217593892599,0.6558052998820774,0.16193608856413372,0.4769815064726364,0.2994550869335152
0.04097340622876285,0.15350764116822108,0.16557249266095844,0.75574026087981,0.3994337214273692,0.44734522317111236,0.06807180204424952,0.2169701425370391,0.6304174881807332,0.08537118868985108
0.08065660434355701,0.671848984392875,0.48790224573056545,0.1382555399767382,0.1323724112372302,0.5585113070619205,0.9780093312373406,0.6923022194847923,0.3284642145791899,0.5093293407509439
0.2961163556078684,0.35552001925257826,0.5565025797472798,0.3450822265867023,0.441802431492596,0.01970406887917341,0.6776245895328481,0.2407625183409826,0.4766286879072511,0.18145687301675628
0.5231367096966714,0.8180812407966898,0.6932173395213219,0.8663273961783435,0.8508323966487208,0.9258666774549872,0.3505612344429881,0.4035755328335487,0.9599296284182541,0.526409419958617
0.3296385429771214,0.8801463216897447,0.621226515721391,0.9080806812260916,0.5623219185270873,0.9725317027582222,0.9349707237582574,0.7979926311169514,0.8753459068289099,0.805226978073549
0.3333133662846932,0.6852523848607143,0.054614894836481846,0.30634147010445095,0.19947494849780978,0.03422505808539377,0.43015333409958995,0.1813920357126224,0.3768417321793406,0.1366720308989999
0.94454379171849,0.9356499924322471,0.9134539267592694,0.43637329775069755,0.7321780584220573,0.8251509567693023,0.5683813803144295,0.5050085698730516,0.8027385336650242,0.9335445715330475
0.09513377191173997,0.09023573443352975,0.2725467915200217,0.03792244314937558,0.36753995106593995,0.1088627874843088,0.33262265341597264,0.09142132086326162,0.010836058362061014,0.07696135176759501
0.11784388885549396,0.4049262679896701,0.6035247048572383,0.12580588282695881,0.11193175038967507,0.22960478202563153,0.11642986397220674,0.11893224546033714,0.1833051265512787,0.1702376182745941
0.8029566013142598,0.5418133513177625,0.5298593010318414,0.7565880405923955,0.5972757777684632,0.2017565321282136,0.1388651953645706,0.6531982693262832,0.2972395718070437,0.9355973467808556
0.534590529116917,0.528114884163159,0.40867316100536955,0.12219446031012773,0.8271538592225978,0.9954538144800437,0.4461897313527793,0.7228324038762615,0.6426837069142084,0.8774755832317354
0.7772788391772789,0.9584155202956656,0.8517839422382393,0.9437765804541605,0.6021547091476319,0.4164485403780051,0.6835672010368521,0.3915661388870655,0.8121503300264057,0.9780180818677188
0.6476413991211096,0.7830850509180898,0.5814397693474745,0.23525915720971452,0.03332899154083884,0.301213159274061,0.8076108357509908,0.9973283172232053,0.7651926138821863,0.9477394248962889
0.2303676874433068,0.07959818611744864,0.3658248562430184,0.23825599947849727,0.2948288250324246,0.25214119835723703,0.053174151221900647,0.22951171753032223,0.370697047018653,0.050573033161521515
0.09826560524849601,0.017723051979015605,0.09088725977048676,0.29729558574070813,0.009935287765052333,0.07779847928867603,0.12637117672528067,0.11232649688489747,0.025593911770480683,0.0569133800996439
0.2604586063807571,0.46684495454581093,0.17312341151994487,0.23666777150366597,0.03495697391713036,0.1435636423742323,0.9094736947529303,0.06530547148359149,0.25119484516205814,0.12033624543677067
0.39908327109519864,0.08570791360098702,0.4482634143017584,0.672607369675061,0.4703370846549245,0.5401564639738385,0.5512657401803069,0.5277867767923649,0.3816662762246417,0.4710268483438069
0.9668506291804496,0.7763615701124907,0.9401042182454955,0.9770394820240266,0.9727242100915192,0.8978825426332805,0.8842916469061131,0.9835201204783469,0.6662189533492471,0.9273946932385039
0.03365169939293324,0.11586270342661639,0.35734155081962404,0.17548544586585804,0.3136036359359349,0.15828892788272544,0.40703606466372677,0.12119777783647984,0.16490086909577228,0.6615069875252428
0.9409627745566942,0.6373690429074168,0.39166505224995873,0.5490997291088684,0.5022645377184703,0.3206972455523813,0.9249608299173419,0.6422575406382487,0.70985671784352,0.5644224058333823
0.6769860602637436,0.8671478566734776,0.7237592995346342,0.7231122579076719,0.9806643252129668,0.8788240345784212,0.9841111247389809,0.6726596956793498,0.840080772694249,0.4875604493026573
0.4176142253615441,0.8447462102362189,0.9242390215359166,0.8758264238007818,0.38946062404407344,0.6685122205548442,0.7484129862902298,0.675789569237383,0.935947176333555,0.9637442865006759
0.7316180402699399,0.6618845919116567,0.5437071933925192,0.29877898996762264,0.7536986668637988,0.08853674312057425,0.3088350285033471,0.6608564211260444,0.742729514741915,0.9558054214158277
0.5936499609686978,0.3242548696787312,0.872605127142813,0.65072622668927,0.1976695755287191,0.43862277279161166,0.1043609161329169,0.031945264820465814,0.15023199908407892,0.034696294253990276
0.8902741990708091,0.9025537761953495,0.9045506383156868,0.5535209055826745,0.9076922731160447,0.8851713801374691,0.17716619415860194,0.9593892199742717,0.944953322858211,0.5057184183710169
0.38479764482510737,0.26421222807756733,0.5899995204246355,0.4925769745286904,0.18571418370058634,0.3413840632804901,0.16554565020958972,0.8985783871647393,0.0056429634267337325,0.610641671522255
0.7289267877774834,0.9810109646034054,0.7539633096835452,0.9794927657406841,0.7450817375837195,0.906691444900441,0.8134840099929155,0.7933088338794552,0.9134621534083986,0.9060843037696313
0.15011252227890826,0.234681065962359,0.22952259439374328,0.15516336491871185,0.10799658393809382,0.8864005376621075,0.34422041095899947,0.17411300872111954,0.015327378290673887,0.7938403261402789
0.7703615974604872,0.8589627515762026,0.5041210132637667,0.0008808876392324619,0.34720507331302597,0.3719933903930359,0.1994130580426466,0.4373952658528145,0.017517696828465476,0.11827369800643034
0.017743172027862027,0.30195740094613,0.10786249592337126,0.6271752475611516,0.0597584177663519,0.16830683799128585,0.37264464785377593,0.06339219004554325,0.06191529118522369,0.19156336566854668
0.43928010580761445,0.33523976188744287,0.22357980819278298,0.16780594829186082,0.6136781476960178,0.530358067567554,0.8906296754248908,0.5443611909729611,0.40770131264563847,0.9096310677036757
0.2937003148922506,0.8823139179400645,0.5463617072758508,0.5459618853417096,0.5075968580891648,0.7242525066970624,0.27097499143563586,0.8401010070814117,0.9306533151318634,0.9471348727925043
0.6137498047547845,0.7644592823205332,0.16006939266224565,0.6740086633503568,0.7210959351604477,0.7038206695079576,0.4571617977499263,0.42545950891991946,0.49505462243199005,0.6318198293886095
0.7815521320695107,0.7749675243770977,0.396716989587921,0.974393167261347,0.7811538699088073,0.7059083382446364,0.24696221840025706,0.06021930608478155,0.6589252833322248,0.4199525094245477
0.9071529070465431,0.5712523079629643,0.4644940821165383,0.7959553345703935,0.3836314814251747,0.8601632315362069,0.9644275445548756,0.7507821578954887,0.9339355388361421,0.8108048956983326
0.9664816061316104,0.797500697219091,0.9679072601703502,0.8310211257808939,0.40457619698969727,0.9893066506930032,0.7990173421819492,0.9622708717035667,0.7419227014626575,0.989779071639738
0.9564825199262471,0.5029882656898857,0.9129065296290577,0.994428277532487,0.6877859698375803,0.6870263405873578,0.9293347810053875,0.6197972027684913,0.5922216732320786,0.9091358776426641
0.49670721742933116,0.2542245144042203,0.12013974106515513,0.34421429694726374,0.7284912174731657,0.6750771092331398,0.9593380489995637,0.17831020546455378,0.6751322613056445,0.43392060193981064
0.04130835563805716,0.06959591340678875,0.2523219933272368,0.43361231057636146,0.3254899248918084,0.27617622270454945,0.04525411144512849,0.543433140306577,0.4583888808515776,0.5535912571739183
0.835603796691656,0.7849544993506652,0.8908682905977622,0.6540972207286332,0.25449171582804564,0.4511583929979023,0.9541715486373207,0.9124403028897509,0.786462550857902,0.8391187312870934
0.1804410822239225,0.5596031206559807,0.08963802260318345,0.19337083256613963,0.7144303911451881,0.363639672844912,0.44176710418212567,0.3355770436379638,0.1884977226678999,0.20798639811888098
0.26120223447394053,0.5225811996685292,0.7155208114988079,0.4087785904427185,0.5005404666857479,0.038868095885029263,0.1604574367772688,0.581079534440972,0.6786844568965134,0.37184183591583286
0.566356752340009,0.6382787408831572,0.754849936685754,0.43860179547557043,0.8630292433226584,0.6932804956108813,0.7058775736177576,0.3865431265344981,0.979199429130003,0.9687770647003779
0.9544713561674667,0.9318865307236842,0.9898394365073213,0.08124312759678912,0.46912728938815307,0.9207016922654954,0.7826387933001446,0.835782406088586,0.611985465134755,0.04570728937902616
0.9584712765024028,0.2548961560448243,0.6175319330547185,0.9073613636505153,0.9742974618735221,0.9897250327455936,0.9959668325987958,0.8771641961450547,0.8609651756124795,0.9400011644291641
0.5279697503624401,0.8368973872628322,0.5865192482132043,0.6904081173461711,0.9636645200576489,0.8669266248991352,0.7182462899258368,0.6833353237282722,0.9497409943258703,0.9952049348062891
0.564770418862461,0.8457061027366499,0.8349939084696385,0.9806800132316333,0.007018885485349438,0.7081856215480518,0.636660084815915,0.23452593748639758,0.8247529267688232,0.4386024881734548
0.08053418697153185,0.025921714546131586,0.6680202742496053,0.2752783799133355,0.22250578438243981,0.116095967891719,0.2337270517591986,0.19752593852480763,0.03487704337706866,0.3266891006685444
0.3390975419776473,0.27320364237871037,0.39020769336071004,0.6176914375947127,0.8114992517254621,0.4821471734008799,0.6030683134267307,0.5708663474645734,0.09805924168298051,0.4303041601735912
0.06708293082388682,0.015750478114492594,0.03211653161333608,0.023949015516803025,0.05731823235776783,0.029275521650625358,0.03479720532558572,0.1423508672041294,0.10766209272254539,0.0373123026102586
0.9332770141704804,0.7513308060032342,0.5089671398815605,0.5049205128097909,0.3918735661293261,0.7457932964556011,0.42475102979158025,0.6094210285255386,0.7854164109382458,0.9342180047891957
0.7814001803574561,0.10178772646692974,0.22893610911571255,0.24660119561646632,0.3326819124092657,0.1420144007838637,0.628578873776608,0.17994743305805455,0.027386237523489215,0.4091348529194383
0.3146552217435885,0.8005046567481915,0.8607641937114038,0.7200593301854088,0.4848694723698055,0.36154356044240676,0.6094838014173306,0.3863449668932763,0.44978721986779513,0.7149617702809037
0.20277871196364786,0.6556894143859413,0.44706211596781986,0.08690511462044705,0.9050321351243222,0.08382368290149726,0.17218898556185738,0.6880161064402083,0.8537429959930813,0.3190234793100616
0.6444348194877993,0.6705579533987178,0.27597796903118665,0.4578165069147425,0.6259483864264057,0.5310949284975335,0.8201291932891999,0.45368492982627584,0.2761813518162352,0.7840833005879475
0.7329324831201586,0.4481626891158598,0.7490987615755043,0.5645027590477121,0.6444279470312901,0.6331337911037347,0.8580675036394207,0.42180830130874947,0.053206963607631275,0.7505247978925172
0.8818306913115177,0.08325337845758335,0.43730183009658885,0.012559746663591765,0.5856108994783589,0.3407316731579829,0.019168950350926472,0.3735498064157272,0.21294677936331963,0.8140923782019167
0.9996873039065785,0.8773318619967031,0.9946514379181719,0.9935302289344317,0.9751545901237898,0.8763995862755107,0.9920114623530463,0.9862328660170636,0.993713676032852,0.9976416679630337
0.3509798441255102,0.2693849902843224,0.8836247448993559,0.6299058541982199,0.9257405068236312,0.37785976936871135,0.573239298474718,0.7404484032932173,0.9223208480977225,0.9224030418910334
0.9454440408150834,0.5236492847341114,0.8890391147111086,0.9360517646174944,0.9818718067926612,0.684124667232981,0.8298715555206395,0.9360919857068037,0.169793083093191,0.6251033491531546
0.28231841699928206,0.429297501819466,0.9302224485616415,0.5093707764895335,0.6014632196037,0.3781382259131698,0.8443851313961388,0.2471505514110594,0.7786283849424993,0.7542983902681696
0.31094453402753275,0.07150833914882657,0.5350974543266216,0.07196487399795232,0.4646481565563091,0.03750411407318712,0.2592842350278882,0.10048900669984284,0.4040050191566821,0.2071840525649655
0.5285569251977165,0.7067456846167186,0.6539450298366092,0.08548885867110384,0.2328446053967794,0.3004232682281007,0.21055457154038834,0.24688088793147983,0.08245069772769392,0.37401084032722565
0.35438067150137026,0.46606657602359786,0.44181719390641816,0.37449347784383485,0.17192088092652125,0.7770310906506268,0.942541425337645,0.8393117962818162,0.45580766014476753,0.412051921478141
0.6637386708057991,0.6665235140759003,0.6585298056291222,0.42364684901871474,0.8716145224738132,0.7281720756129215,0.31522121811528586,0.3683216498624524,0.5291875420193484,0.8877809496452899
0.46926752045334863,0.6757706465543214,0.4924772114318764,0.752326376958815,0.4998044196696645,0.3196479084918047,0.2733154863291237,0.23627000958677694,0.9278401696479907,0.6507373661557141
0.5674028661167666,0.7307241095775652,0.567390589301057,0.040482473675791456,0.07510190492921447,0.3524966328250195,0.05994550159764884,0.5815538804865308,0.25775022148383525,0.3062588227201325
0.2978878345935839,0.22334004868190716,0.485243506222093,0.5533854871549216,0.3038190271901581,0.03578300422080651,0.5890841969561363,0.41329400867855726,0.6136796106259683,0.2548540400125604
0.8850488481081485,0.20276348662032345,0.6657639783743945,0.24735587250780322,0.32176997616349823,0.45010250740002655,0.12529115082463266,0.3747540484968588,0.7147752632139831,0.39250359949704156
0.5283740717511404,0.016934105536382565,0.14662200802038805,0.1910070611789022,0.1887365441908771,0.09556330330692715,0.24744234007640864,0.031141422584286666,0.7527973764091986,0.13111528371958714
0.6250037463033725,0.8683804588854539,0.30879005528064074,0.3266786469410496,0.8735315145712518,0.8680809925732681,0.6070621870326568,0.33630493427518005,0.6910598907101044,0.11545387699326405
0.7523119382801138,0.8753652355863163,0.31079292252349017,0.9656849914421739,0.9667447177063935,0.9656055903818338,0.6548832912686384,0.7309163317772218,0.5501073086864736,0.872586270267101
0.7094102241132585,0.9700820728777113,0.8142828048698184,0.879624486216135,0.7401381407856771,0.8001201689483021,0.5520062050340802,0.8980776162138295,0.5849170092822433,0.8176887389865835
0.1539804760057984,0.06476572360115851,0.04376976310168305,0.3315261470105242,0.0604962056007244,0.007054258135003716,0.3451192394195367,0.16618288786361585,0.09731471208793958,0.02166156311852271
0.13032680382213271,0.005612324522665762,0.060504608919398566,0.06544288586217922,0.05811741569996048,0.041344979745882256,0.41739743127469275,0.04496411525745225,0.07917636978762907,0.1498957576748254
0.4991436600981046,0.3394474917834958,0.49940066110131065,0.3486295518051399,0.09875822919436399,0.2426956698062517,0.28702364701872984,0.2586630577535429,0.8442017303492859,0.528185737895692
0.5431176780670396,0.9085217569881027,0.02841420562439157,0.7695519077005444,0.38879732359606645,0.47646524814031593,0.22683722809617915,0.025808435305276402,0.21467049261441923,0.8855489586983427
0.04184599513354238,0.8804386506227186,0.4422126381266116,0.23228783334612008,0.63853267657035,0.3206275884107469,0.1370117008876265,0.42050494861679016,0.09617527905848643,0.5964689080323002
0.04225134476657621,0.13643921557109565,0.07023573608347705,0.2162196167002942,0.2565451155185421,0.05691562183631901,0.07301953589184362,0.654668656582595,0.33705476668505563,0.05510817461989797
0.27905754879461186,0.2839092832463356,0.2513267312867888,0.6665371561273779,0.30921727928779685,0.0717207506683671,0.16483828819715013,0.4528014334380018,0.11059400756063488,0.2860005062956149
0.6386610805119751,0.2807499838259058,0.4968381484731454,0.541523039269272,0.6486702872335708,0.657358574506004,0.15898095652814984,0.22694770845215037,0.7895264582543207,0.5208298330207746
0.46104665560194025,0.14169335328606142,0.03554950524604806,0.25538945023269566,0.4001034426043991,0.5720915943331568,0.056887712893863004,0.13683510268391194,0.2757034568991844,0.1932497432614734
0.07496761459680988,0.47062513093319314,0.6109326818866191,0.16382371278051577,0.12255730897460171,0.6456032370522569,0.09530719965769245,0.16431460344774476,0.8443274920383419,0.1283947728989792
0.682295595104375,0.009188820326525583,0.32060550983614755,0.36908069642381175,0.8056860563211717,0.48925805258982924,0.7126936416274923,0.4317917408704208,0.011682822059358623,0.15673504866992977
0.9381857582833336,0.706365539575528,0.9865275682780988,0.970835977782867,0.8646419987132565,0.9591323330673025,0.7959559206812221,0.7850214773030558,0.9850032143175999,0.9050396725859987
0.2734103395824611,0.398154003743113,0.3614945504305289,0.10629945386022611,0.42472777151898783,0.5131330982493996,0.41024946256787065,0.3881901859086689,0.21480281493821862,0.9312273249678025
0.00272342650384635,0.03379807696836903,0.06395163210198195,0.08771525398059331,0.03913246930603322,0.5238799730133847,0.0495665204248569,0.03349998140160088,0.1008447263301252,0.7968848417421908
0.9509256920690957,0.31502408654975944,0.8846844322404378,0.5890226315995633,0.5199482250318159,0.9807413259741207,0.8462207690481025,0.7713832041542494,0.831752876134564,0.8577885822692137
0.36262380074510747,0.5453261070562039,0.8478045586429027,0.5006547190443446,0.6665439908766746,0.61042398704827,0.5088479604551399,0.684045926323001,0.5272311846676561,0.027662319516551938
0.5417805338607545,0.8792621746213156,0.8611762733330935,0.9617241824653321,0.8088083503750572,0.8370966540160094,0.9475145000151284,0.7058312643074667,0.8845958117589877,0.8277332592647348
0.6671257355233853,0.29937466897083176,0.2988337973220432,0.9856973072881384,0.14766490405948998,0.8265820477421498,0.9154335489656941,0.4353485200947476,0.5032647409752846,0.6945700919453919
0.6520449217035658,0.7000105899046402,0.445408666035192,0.9600114811981947,0.6111102459601953,0.6609238623282894,0.4943507332768085,0.8147633696982388,0.5418704006877995,0.9397473183192311
0.681967975480136,0.9712772300479624,0.5193101807913838,0.7896150244306053,0.9067282812445552,0.004945502071097724,0.40189594120629657,0.4008418989447333,0.13584118371997175,0.37501842538815783
0.7938964194525263,0.7872192327424021,0.8211471337553938,0.09408002695465494,0.8315110597628458,0.5727854013381992,0.8525674122721933,0.4725131840709892,0.6233951819268314,0.9248748266666376
0.4338015274067817,0.5903565776068018,0.8950854719290585,0.028513991305285268,0.6947358237388521,0.6223993780757834,0.42614613548626457,0.1552054522117797,0.32897660196222717,0.4519789281355535
0.9186982589302728,0.8256141797012088,0.7177630089238598,0.8559472971961379,0.1457477974261073,0.8352206648873677,0.062121389699286086,0.5274471208424268,0.9011690149816912,0.8482055220863075
0.673176811820549,0.4547260926563722,0.950270189801738,0.7878384932404485,0.6475500642826764,0.5529879406324945,0.47357898195017534,0.20369080975300324,0.8432217276702596,0.18034993561515275
0.9599072598269808,0.8710630220104711,0.7140268592484893,0.7337957923490677,0.3687810821067026,0.5723775519407956,0.930986038442981,0.7547343307429735,0.6430057453296518,0.6496604908712276
0.12417268045235715,0.8110359392723823,0.9881171264125366,0.5071578696948222,0.9206357362954936,0.8145844368956492,0.6806905859612753,0.8102820847461623,0.8484618023747024,0.9532629978365971
0.5885549080846932,0.6908478999188417,0.6482081100031218,0.578957749788588,0.750298215933856,0.5200283199851191,0.7441924766018723,0.7580947086224163,0.8545060910490732,0.5751121507231052
0.943001551116898,0.49583290521841905,0.6565124580570942,0.8240091004618406,0.5624811259652811,0.22643116889150305,0.41165483708707057,0.3704597443876472,0.3553827801771172,0.6559300620098967
0.11107724324620913,0.7806613589221716,0.5850784971606368,0.1958787016413821,0.28966155549078737,0.8494191110565155,0.3192699807243027,0.40425957136246393,0.1010008899087616,0.034959450019854656
0.8548202097737146,0.6643516188402465,0.3004782181125387,0.9484683381700649,0.9021418617172874,0.603257197571758,0.14057153139710069,0.8362132279862511,0.5330686968806759,0.676724514074442
0.6428998659701284,0.6067899028921673,0.7656363639440432,0.38444601427895675,0.4348972823653994,0.4553771839391695,0.4752803302633225,0.34965954689427087,0.8229220533650378,0.21485725445911383
0.8099091546497208,0.6529044083509477,0.5866354194916721,0.5019918476653196,0.7358837273558276,0.8063311310721035,0.779225714828816,0.4165921356743869,0.9537532149787644,0.9969452172339054
0.21732712713650743,0.4567974131977901,0.12769109981310878,0.2851524772668764,0.12725042879245008,0.07116819682995683,0.13005549233246463,0.10225605589715155,0.4410543892115887,0.1702687504225882
0.13318889912103318,0.12338509164689218,0.21344003710083578,0.3563223898947172,0.11701907286250043,0.1324731551692526,0.3271199140721408,0.2516756513620043,0.046244218630108705,0.34629278836253213
0.1371661441683007,0.11265407720744777,0.5922405803831536,0.23704217971003985,0.18188588888816853,0.27174002677041054,0.28509916531048524,0.1491600249902466,0.4995867604530767,0.5109463097324742
0.7440407798280294,0.9736677211771215,0.8442233158745095,0.661960925692716,0.5398066825972255,0.34179975161623094,0.9666899827368228,0.9110755328749325,0.9793899434286324,0.9874222506199192
0.9265146186310097,0.9796561446026009,0.5830369873611824,0.9414488587925611,0.6688478508791873,0.970027635331169,0.7042519482628697,0.7323776682588732,0.8909838439177769,0.9493574486835816
0.7994504768966457,0.7027108417308958,0.9019995468626123,0.42691959025181214,0.6085573338765552,0.6295420555122,0.8904736099457721,0.7794554179431122,0.6770385119385334,0.7569807825580004
0.1308178692052571,0.003353939862855385,0.4037103499477984,0.2317237346813038,0.2750975793495094,0.14082311044552293,0.17363852692827103,0.031798357131219174,0.2512355000161854,0.40477750507245935
0.44899281558698073,0.5418169490538371,0.1257196598892505,0.005851321829283325,0.10905064926766217,0.16949369610336557,0.03930696138716079,0.0470163347722381,0.05955407924573615,0.10742745186790192
0.44954946970707177,0.8096722940203238,0.9045941015697843,0.44590826311674336,0.31672924038368966,0.48183753531644236,0.7074276481716033,0.8853054304496923,0.221692728847217,0.09049868737312458
0.11760138183086351,0.2759320423619115,0.017449735602832955,0.44655879433736073,0.6067314199447958,0.5251534401434146,0.7120302268150196,0.16442123991562535,0.3165453044831399,0.4288563094351183
0.9410867064981134,0.866863339351728,0.787553204523324,0.931932972546452,0.3581831029361475,0.4409160605787299,0.8990453622198133,0.7592754060372267,0.8721955463980695,0.8517277570860557
0.022111534370919388,0.11300568175255019,0.5623405943930669,0.2967425296217674,0.22346978561056077,0.935653638400107,0.05713271249893111,0.18958451115384584,0.15866343778074032,0.0980200403635693
0.9896637489025935,0.8922890895995512,0.9681429776738656,0.5129529903095591,0.981032626565315,0.973346413602626,0.9850152371414556,0.9780792483456772,0.967681487346488,0.8895085428149008
0.876584087555622,0.5471564964489339,0.8290171902180787,0.5084130814853851,0.41626030965399335,0.484764298470577,0.7362657306098421,0.4858235523764495,0.7558782718555335,0.923026344493026
0.8075977702366139,0.1909058001208774,0.5239919456406602,0.7517158250881892,0.3137213073557729,0.521829196201138,0.5801831835002769,0.29427885498570616,0.3758384305969753,0.2721619634387412
0.8860123479146553,0.7021732442645172,0.5102149225887348,0.8186490085541043,0.7558053378254873,0.774096175236487,0.7675260631942025,0.7599716059708563,0.40969863834888404,0.48277811896439454
0.48150661124554295,0.6450204203070812,0.15073090844298592,0.8045214423388845,0.4899864991341156,0.7161715210750919,0.8903067791491386,0.5107434581582796,0.717217349483896,0.6361175723087533
0.6456758055992851,0.3228416120443617,0.7874018353755483,0.8197942058859704,0.5862562136751205,0.6287329597999947,0.8453759584560604,0.5550123431473827,0.8709686217752901,0.4940146067211454
0.6357080205933956,0.27060428392737934,0.07767914787218802,0.1352783251939869,0.045972117285622144,0.01709205790737388,0.04240189377985245,0.04605846985239071,0.17618060437584357,0.915937981564752
0.39291448555635533,0.10703259700012405,0.22933146613903177,0.23650826646630632,0.162183952860834,0.17765881259457522,0.2583770074811508,0.3614700734378473,0.9359973266504797,0.22176369077387587
0.5840661335142285,0.19567320196676694,0.2858967349685738,0.14738203864290195,0.4084757901881716,0.767886757274681,0.8082571422669861,0.7336034316587663,0.265319014222149,0.1741258513080074
0.6975008673788021,0.9280051050201724,0.26721225079501126,0.9144597008545298,0.5101346585797372,0.6522638250368734,0.8131545229110735,0.8735171324490248,0.5206444810478289,0.9005170605261552
0.48636844742069185,0.056628536646453655,0.515922195503243,0.33418824218595644,0.3514885884591315,0.3197630290852932,0.28704141596253663,0.23041261348932432,0.02464941481546854,0.10308831815524676
0.18354635230420296,0.18679774274591257,0.13959303765165315,0.15162185932186972,0.02833311290965325,0.297426393768047,0.5718715228349702,0.8525845003779096,0.5839625032357517,0.1770854491972171
0.1801559650141486,0.003642181933496143,0.08315494864877045,0.049328936064389074,0.036855601538944883,0.08258428495440352,0.02784692935132908,0.008394412080391619,0.10192486073231459,0.044941277989972855
0.6558568828756897,0.77810212863646,0.9002222237299958,0.7681904084944275,0.5581796990936609,0.5369162504088594,0.09790667130660637,0.24493987400431266,0.484862208687281,0.6895305175201194
0.7125044725952778,0.7578838498216433,0.7271326049133018,0.6107838371416403,0.44241609797081827,0.19360524269253515,0.38672476417500073,0.4088680461789461,0.06763320362932546,0.6078782887631212
0.34916430185599434,0.6473847924804261,0.49686023067014823,0.45729033365610294,0.2692578449113241,0.4738577385583038,0.1135059914471046,0.6122897217274976,0.08568046056415923,0.30234796898312477
0.6920969002645299,0.6744115205199159,0.061600081792568755,0.10001030813763977,0.16176399436737526,0.19812386392479536,0.1211242718095535,0.7453391231287728,0.07243179783899222,0.34295394313263616
0.9366326781427361,0.8010285489718147,0.8098130497693585,0.8034002577686276,0.9049581602327778,0.38638631032283066,0.605518993239972,0.6595234477263268,0.8082809086086784,0.7385542979203604
0.6436591948418293,0.8842756390585533,0.4630343878676323,0.8726011637280121,0.6116697479261314,0.6491478497255747,0.777981595191869,0.8563635481900084,0.8461423815991587,0.9827631999017805
0.08892624492011206,0.6226130198333963,0.11588387858779636,0.2538205711106652,0.6694290154928451,0.09479336098909623,0.18569620329237763,0.2738755595902842,0.015148752510586595,0.20690412261584443
0.08814572396238395,0.1172933335163326,0.5431758225277065,0.0652111322826587,0.04819018300684129,0.20527077678832376,0.1691532680498219,0.2783608473803641,0.12620373086127656,0.031250072426412166
0.046067793340574155,0.1915972328158573,0.03283107626477376,0.776975968960955,0.23390497222305467,0.7004762148807961,0.07048422223005923,0.9280627111785427,0.2700515801883616,0.08224740229495765
0.4164087572953957,0.7460970000565285,0.9928198376876225,0.9730360670424976,0.6402048913795286,0.7056561424161718,0.860809836487824,0.9625637137651551,0.9509431179335567,0.32546849231198816
0.27512962644485833,0.18559695445914381,0.6724528332018236,0.34233784746266577,0.7199476296240921,0.7288228520688884,0.3834697098134081,0.5430288964992148,0.7264709748656266,0.26954710526439174
0.8209666617021721,0.6355717414748108,0.7177252087321082,0.9424871500645837,0.24431989223530556,0.8202354377122079,0.6025827772007131,0.4410348124763275,0.5955866846989024,0.6599543369535679
0.5152888881670711,0.8073414437069926,0.9096054809554982,0.9697674876981939,0.992503980401949,0.6010875582111557,0.897572451050253,0.3879224188079502,0.34314144127145496,0.6654133250473977
0.5152590354214373,0.2025618374743921,0.38938725809151925,0.0952129230075191,0.7183092619843443,0.38249286498146157,0.1323931467884513,0.46453025131745196,0.7145776767665224,0.5288761664544849
0.560706203020074,0.5144389844643823,0.16370117970443224,0.13117542900201393,0.0550689737406398,0.19872546016497947,0.5634059891443689,0.1648721528625673,0.4437279269202713,0.26742192052234376
0.7843866939234992,0.30933651638232523,0.9219548845419164,0.8376188274055478,0.6874261170699603,0.6531001329959909,0.9298452713856563,0.3110376140963769,0.8835363160734366,0.3039446425980787
0.5338541755778414,0.6240842306783734,0.901598815470366,0.723495088699402,0.6906225286320655,0.924332826327103,0.030419895663549072,0.953070929693045,0.5017362684945339,0.3973816987382376
0.6265411624681962,0.342748674730617,0.01609012212656816,0.13139441489560172,0.2978557834510721,0.12907446306009274,0.4229241983955352,0.6047082967246376,0.08040349159625641,0.2256919102517981
0.36650998274775637,0.984910369383264,0.8900138738151453,0.9607099522036993,0.8918064904801375,0.9337438326141151,0.9263695123770403,0.9088591441148983,0.9693798108727574,0.9530489993087996
0.08991586191401925,0.6791545069273108,0.4489001863032704,0.07048581893864746,0.31208663328092545,0.510620311493296,0.11814369453605379,0.28272468008632556,0.04815651738993803,0.2948019381038095
0.7794906331414431,0.8752594153072716,0.8574201287699886,0.9328560810214557,0.8675865929769114,0.9748485653186809,0.6392833893197378,0.5301857138197602,0.9582798594114514,0.537134015468767
0.8505522607038405,0.9629276902415189,0.7762486067699335,0.9059044181547049,0.8793696729782167,0.6693854511054764,0.3980553918403318,0.6793340536230026,0.8656838855023763,0.6224283309949598
0.8919275922298376,0.19166337969069439,0.3710188083872238,0.11768261363460633,0.33472888447269555,0.03528890125078074,0.4778055747191273,0.2699020406186613,0.3180563287699821,0.18889349091311572
0.9473489947410285,0.9435008708469809,0.8943167171931281,0.8838452263719218,0.8923377523825252,0.9291911061196446,0.7029644839825933,0.9855250007089682,0.9793467860548143,0.9096856780946264
0.5367450222693162,0.34384650319129095,0.03952605473830639,0.23166716322335612,0.14149276723145093,0.0824507614064252,0.42849396294987463,0.03467921461098007,0.2044937913641227,0.03496914215732221
0.14706871035053154,0.35379004308648077,0.39840495947217,0.6075806916277706,0.26211449600127074,0.11202177752644916,0.698522980107672,0.6360675520080421,0.3160835629496136,0.07114163738980717
0.552241967923843,0.7066308388132945,0.5816642969783765,0.7391621418837315,0.8348140590628994,0.2616632152771812,0.36322282336813516,0.18717898776556247,0.5829532839924053,0.9080858932242952
0.1152749567735326,0.10991065840705246,0.6061450599572855,0.39287549803693844,0.6917256358005379,0.3371207568931848,0.15485737291690155,0.5286859987270025,0.9549921224643076,0.13275081200787142
0.11685551784968969,0.6155918200124979,0.46545163339148754,0.03474800928598534,0.6558201071490886,0.9441927455692645,0.8309352032542786,0.5399162946282647,0.49332268720411987,0.3743369021533435
0.8865489100347528,0.504674297707511,0.13423147290829687,0.9605977660310243,0.6230616962935275,0.613480345684435,0.8415267975392953,0.6963890028019304,0.7635889913776576,0.8517136481756579
0.19573624179634294,0.35399520351095004,0.24634216612738086,0.34063069107890015,0.6960864478729882,0.6962893284491698,0.392907110803565,0.23101616440778663,0.219582938370699,0.35422275995940505
0.7199561426611147,0.48601474261524613,0.4370970405174404,0.5567785023599725,0.8306795050980983,0.7462895578464468,0.803742129540665,0.6666872486372384,0.3100090801991369,0.519973359268598
0.24828542394536784,0.012592315543935506,0.03217263218013899,0.29751853119033106,0.05857767152604077,0.20008942083433964,0.22931273786782788,0.1160384396287477,0.020583721592909936,0.034331215908797
0.7619102407415088,0.40280079856020456,0.3828619091294173,0.29187751644123255,0.6550386586820385,0.6114878070510913,0.0364850949609774,0.46586809279521696,0.10596468302422353,0.21161661510913882
0.7814900681039174,0.5599262748668918,0.8731735637813902,0.5774505201042579,0.8929692614593381,0.09909692751729389,0.5951605193089968,0.6010180721569862,0.8613969868060722,0.5233527570263877
0.57051422720521,0.5987439514337609,0.7521180630685735,0.7425457965977591,0.5258356641217009,0.7835485176021771,0.7230666350931318,0.3465908601467005,0.9046699118560093,0.8419612540537176
0.07426151176565186,0.3245951600289604,0.7165834049570972,0.1860026266582001,0.7089342518646687,0.7145042100642429,0.7421977854244828,0.6242563964533502,0.5491261137025351,0.830246253067568
0.13334181984509894,0.25069809114327873,0.215003691506175,0.6914364603386265,0.4545306294154404,0.13284998616071547,0.32488783657476394,0.36897527501987004,0.06437892708096955,0.3948047153900721
0.48253003901147573,0.4908537971547717,0.01960005213015923,0.7205435659242384,0.10680079947191204,0.2834889346925171,0.1592832288207431,0.7727584765738489,0.33780314872457096,0.5326635237843795
0.03523366625951018,0.19810792691222195,0.07752427065175793,0.07010423960188095,0.23807291375052253,0.23622966561096187,0.027042328497476637,0.035403801624450476,0.07208975001125192,0.10426412990846806
0.056111760264687414,0.21069425522543594,0.06695201777038652,0.8172747339058899,0.9345755443545416,0.35387558786269785,0.2620627144622846,0.5413063671454139,0.43774976263204246,0.21399754212390196
0.886559679923211,0.10348149442706468,0.9460267102963852,0.40077055308602905,0.46482960611908974,0.10324852984493695,0.8422616983916291,0.8072541484775515,0.5696489624779351,0.8944640479473891
0.9092572827125596,0.6915910541796548,0.8203587131414694,0.9038697240035938,0.8342253018926596,0.2219290286123434,0.6583946674281156,0.845894751200437,0.45487917721882387,0.35489818846901267
0.3548547858080525,0.15022161383173344,0.23309566084811092,0.39249106901318287,0.6269104980917909,0.054688136110254915,0.3860492306032288,0.28290212588902486,0.23502275388406332,0.12024852579341487
0.8643666475313745,0.2068224741193503,0.9798825362489971,0.657718493359587,0.5518297398465469,0.09727729562945078,0.6118146916835443,0.8475860235672764,0.5818200883502631,0.8164894497669709
0.9722863200546501,0.7155061190909517,0.565817627405995,0.48142723438805074,0.35684373718895157,0.7631058275580125,0.5825424227560049,0.4656738184649177,0.5158342405307974,0.9383883009915617
0.21618685330078025,0.2019289109481884,0.15865061011789594,0.46063593707247574,0.929678976389364,0.3778695941607742,0.27076238464039687,0.8594973561368747,0.2142527422810634,0.21987654769326498
0.36301280102650146,0.6041887588260505,0.510800952038112,0.8104777229320421,0.7370463191587644,0.6882977941627868,0.9222691183021977,0.3232570811643669,0.6427801355918323,0.29358695422386516
0.21464906449567353,0.2509490504527565,0.19448750334634177,0.04526806135457785,0.1834096514057674,0.4480666475805791,0.38003462601344706,0.3551342514027285,0.17460254772121067,0.5395037198087637
0.9148018884323483,0.814333778190728,0.9476483053294327,0.9825214732985559,0.9584816952804875,0.9410529294997696,0.9117799326311026,0.9247545976443372,0.7729210848820292,0.663399962594692
0.5416031881404351,0.009280622249087168,0.011687865111251331,0.545970209164202,0.3661934225820463,0.22987599732764016,0.0946756540075162,0.20753279921491583,0.0019961032005899825,0.5781594451687512
0.784854849615708,0.37552083448192525,0.7562400955509774,0.7655461457304061,0.7952287985778945,0.5501294964648857,0.6224020954571245,0.5564628458243406,0.4265127622795922,0.7038939686041283
0.6616809426402968,0.7229902181943304,0.9128703439187855,0.951156768821675,0.8834865969881162,0.9647703863238267,0.7855730148096091,0.03477266607463584,0.80404365214677,0.8840667577597753
0.8644935494653343,0.6331573625700926,0.3348574515770968,0.3044356944730093,0.6151193915836672,0.9097725190046083,0.6826760669479457,0.823119314335226,0.07916627135090608,0.662043493986584
0.3316411633597015,0.04501227877548025,0.15898133729476088,0.1293424985465067,0.11393436615112361,0.11744630647783967,0.16715362383183008,0.12921525875011086,0.05439551243108185,0.4472313148350942
0.6951461235717723,0.6546857000185708,0.7733010580515569,0.7258249791175111,0.3516875096529613,0.6327843348689022,0.26033288694302104,0.13544760167886574,0.16291069328868318,0.5797500078574949
0.84639394946425,0.1143842097042078,0.7736119474424317,0.9038790338521601,0.5912919706775636,0.20132281822378167,0.5817262242927606,0.5254045745089216,0.747009928216541,0.9326577764504784
0.27026948818311447,0.20244114665232615,0.30864850864474014,0.13050338302779185,0.06725079083652923,0.08603985493033878,0.21313960532008697,0.08737164594468476,0.057610985472630355,0.28094318129892193
0.4895451058471566,0.22897337364327314,0.1168086146384451,0.33191987377686794,0.10943533730626354,0.1797081083332742,0.9734716953132483,0.42219817368305756,0.5329364376160661,0.2043224101425885
0.4439389026668956,0.7217486423489583,0.2966552294594084,0.3880705602171112,0.32763812885712806,0.3915346038578732,0.2974572027776585,0.3239833141110345,0.5211913164215952,0.6254350995280966
0.5117740041750376,0.8443812650194698,0.03816001071023781,0.34574024394069064,0.7732031984505916,0.2570290518996322,0.6633118056079985,0.22609747397685145,0.4627960198493013,0.5820264691742159
0.9693474098100815,0.6833153035249018,0.83712598170208,0.9957467130531692,0.9350981013806869,0.637122515678382,0.9007781320919329,0.8543054040756126,0.9923861463377773,0.9872779567779635
0.9838232794372587,0.6241633104353089,0.8831251345172362,0.6717684692176346,0.7526919483756926,0.9497835601746885,0.7755416619643929,0.9328898018338426,0.8742062816224527,0.8587467834590639
0.6091424981459269,0.29217748764010004,0.4207092046050069,0.6388992579216883,0.8881826692330036,0.8789055295608301,0.8702775695019519,0.3941464453599464,0.3174313832515152,0.31589185064505176
0.8576897998982995,0.7308376071162783,0.2644954956649703,0.225558049322366,0.9099135871300134,0.6025103868511572,0.9237662589759643,0.8357283944377568,0.828445597909542,0.203559081101234
0.4021856700190164,0.5115474661875462,0.5528611508877551,0.6037061245389486,0.08289487450906619,0.23138427596918726,0.4691189787060328,0.5005400951569157,0.9170679167185241,0.2647404003571571
0.5414057215332497,0.26561040769177996,0.2876484656348429,0.2201394381389059,0.23017027276528743,0.7170862297640075,0.5308512470171312,0.3988331491286101,0.19568661251564734,0.7730399067456906
0.24370703628716722,0.13218264606067498,0.5614094633815743,0.19486970502737272,0.9329689395524785,0.05821466013153651,0.5792087225722113,0.7035897024338227,0.8920372412699603,0.25111742519297964
0.7700312045323454,0.9541565919901284,0.7662416911034899,0.5916226386448418,0.9426787029552081,0.47280754206346715,0.8872641522702389,0.9319275130633654,0.7678172320847589,0.5942118856526222
0.9312520011393783,0.8753463186329171,0.6725710598799852,0.5033541201390992,0.5305434700026195,0.627474823544824,0.4491910949255239,0.8027768275207977,0.3779269667338275,0.7605783284196186
0.3615573117584774,0.1358047656628767,0.3352031604032015,0.17986024120622304,0.05165715804211679,0.2881053851301598,0.5266956446565811,0.049204906444692775,0.0708751991640758,0.11564566034800323
0.6941904670642514,0.7322747264107317,0.574167865539783,0.22532724405948826,0.7383553680660945,0.954772694891817,0.7369543006434427,0.9842405336585458,0.6166177980527179,0.49247672230515954
0.17321033542657047,0.20011252316144487,0.5610971821947002,0.0858013411035459,0.43535212002903756,0.45214419248021276,0.4665452901288304,0.42298551393429024,0.6365922593515918,0.5046527489616506
0.8663959883270878,0.23539995069765685,0.511109762946984,0.8399942701658134,0.4468573495417529,0.19175070549937984,0.8427345233520649,0.5510069423461874,0.1634460837645259,0.1723022136601566
0.9595680697299201,0.9405381381601778,0.9982438430977746,0.9874789934458763,0.993609206892147,0.9611239630683972,0.9832311236097835,0.9920935356900458,0.9921919409987349,0.9716307548621241
0.1673355406874024,0.4795087549295747,0.7189540754386202,0.6527756269919425,0.3432191297835476,0.7502903815360933,0.6091569327419977,0.25958695246638136,0.6632034275257366,0.9050751806622195
0.6430449430520659,0.9221232600768816,0.13828640481415355,0.32463509912184274,0.8743524244164951,0.40379095463807946,0.8143696345761626,0.33701892872789463,0.5790306990147993,0.5544303817236323
0.5873124768653586,0.07549140516401188,0.19463151698474826,0.251627845083643,0.8543336276420535,0.21266524713491877,0.5477299349405872,0.8435862659918278,0.3803655030299902,0.14202143267403824
0.7285242087253223,0.9939665549623811,0.07739228801638376,0.7366713718414254,0.8849952965143238,0.4363459226621031,0.4477169530255553,0.7673069857087973,0.29793559966631156,0.7981312092696876
0.45433419025796107,0.05559025731466004,0.04853578719712138,0.8130984995541775,0.530491100654072,0.27139099690299096,0.1521504289258976,0.1642362871187413,0.4009187575221381,0.1363592349036036
0.4536820014499621,0.5179000000113428,0.7230047928342215,0.5575670470355159,0.549400162022387,0.8455341217232054,0.7478099363506039,0.5904932617468814,0.8809549026384499,0.5950280069899945
0.7141571797755486,0.6286829350123475,0.7956048723398215,0.705423072377191,0.18439381155891885,0.19407073348927428,0.7125387272118944,0.9335580152618541,0.7263350738613004,0.7466249097351316
0.07970539729426447,0.1484089137222789,0.08247016478036419,0.2979138328112725,0.343965385212796,0.07323385798872192,0.36453380420493275,0.45293879193773934,0.06476509631054515,0.5409307307380826
0.16233812179924714,0.6940630668743228,0.6858125020573789,0.7193625621134823,0.5782296265438454,0.051527117864172335,0.6965199567070455,0.8651312414781324,0.3477521607225551,0.2906453339532389
0.7155276738335752,0.37367494400677154,0.10504071930444951,0.6249558777546237,0.7232354025374038,0.0255246016225936,0.017689649230649123,0.004834622187901362,0.29299170317192147,0.7292370153610781
0.6800924674689268,0.5144112488413339,0.1308266739468402,0.662873108186796,0.9563966245798879,0.8284774092008517,0.6365001349950457,0.5349094527340588,0.5189328279172134,0.6576963445158983
0.9356003922444364,0.8657346054504909,0.5329252246063645,0.8865605096167614,0.9771012297433657,0.8997890499088601,0.8100876700763342,0.8588097794814606,0.2807812291221172,0.8890793305900566
0.5850976255571013,0.42179663227802855,0.8066336039536708,0.22362496042313815,0.22277431178358298,0.13115295511741687,0.535925591741201,0.28044787980908603,0.574503093790039,0.4557229148570605
0.5549632832119363,0.775823148893406,0.4516367564943061,0.27860065205673723,0.9161345163511274,0.5224439055228014,0.6908819724865374,0.6263481799682487,0.2911662618164295,0.8639758323007032
0.2703661857086266,0.5893931573198052,0.2952857635310692,0.12159498987924505,0.689149239118652,0.8916353953483236,0.7478055738842411,0.24507440113829282,0.44765566197492374,0.6102678396887996
0.620684261747931,0.191415295084005,0.545343234877743,0.6830449557942202,0.6612699482394302,0.49046802930858036,0.3397462270156937,0.37387558644235486,0.39761813356880754,0.558595529881772
0.8017704383632227,0.47488155664110765,0.21924233290408549,0.32616989033696453,0.9401086302244543,0.19608656546304856,0.6785748975306678,0.67322829942095,0.5364214106080325,0.5927806754051155
0.2256190823920186,0.8377226973751942,0.2592364868359849,0.8820219795966942,0.5427877673335272,0.7008185195184966,0.464295787664883,0.18987399659144047,0.7093807312274587,0.33519906940178945
0.32296684797826586,0.7612049462678387,0.6297573366349347,0.8605015328898644,0.789824340662851,0.9264076226601434,0.09133008206117676,0.6600501378650241,0.8289674032974389,0.20668990587740402
0.000866529928802711,0.04041926046819767,0.6560925541034945,0.12164552281110139,0.15742942188136297,0.34688343623133433,0.7947390495900697,0.15672953296789088,0.20348399813111628,0.1083685289564745
0.29543238548579465,0.2523795512204053,0.3137797089778193,0.17476043750447715,0.9729079055030275,0.32063438096938635,0.7135518050404648,0.22250088325496387,0.3402540572648508,0.2216550919248035
0.34476236649551084,0.7798768657420527,0.49406940894082446,0.5741761092714562,0.3188795743518198,0.24566659666972107,0.3874032407364455,0.5445465515597847,0.9500810202774654,0.7347928235381396
0.9387202557328722,0.9630470537423307,0.8990038869639787,0.8359100078283686,0.6137685666016188,0.9594133571079957,0.9278355400616002,0.834805569244917,0.7368792429391977,0.8882414739268579
0.7795623820310853,0.895391181098343,0.7701353957430598,0.8394587358976818,0.8857766214351358,0.2616670825196728,0.6364577839307382,0.3545403228403272,0.27782151772764835,0.15762065761451388
0.5311562784701667,0.6711562120084222,0.39481306781174463,0.9822036764178803,0.6331719327122154,0.006319840916716408,0.47925745244031664,0.5311554986899499,0.22431722285252872,0.12729881334213528
0.6582411178892635,0.5836428044597953,0.3620076008272584,0.7514136036286323,0.7624830023763715,0.34651261096972175,0.955591090267825,0.4139806220419374,0.7769614215009409,0.8941266177379402
0.015216393792300354,0.7478431316592714,0.34942763155613027,0.28273854511472063,0.2946289146740048,0.37183054087810785,0.4601102460470423,0.4959373413792818,0.3469683029012952,0.7690722632585736
0.40591875800709537,0.4609717043854964,0.4801574868641775,0.26162710777263154,0.9630461363979239,0.3945356713216556,0.7446271463820915,0.541659760426106,0.4792024703751055,0.6206473835534403
0.9166045085620205,0.815012960001112,0.5809755901935327,0.8601181314669559,0.2967758082303321,0.11835271997448758,0.35049317294574855,0.5958025087245105,0.3876194101817069,0.08604389414186817
0.21030990428498436,0.2194080045347799,0.09114752686369262,0.0867808364443057,0.682379491599749,0.24883408491084236,0.05931937346490117,0.1450023757231529,0.06870621500556899,0.9065713908389047
0.9257954164222048,0.9654405366451713,0.9950370392512554,0.9668826756207999,0.9910294718631952,0.9760310441147101,0.9940928969754022,0.9420051548363569,0.9670082445691077,0.9295740099646319
0.7512204878354374,0.48631212938450047,0.604214982442083,0.6857566748701076,0.45836444919039393,0.316515177831322,0.05176004654755235,0.8800035069019715,0.6369382982673959,0.18614181018041567
0.13967290540499033,0.165700359475334,0.28613096850802466,0.11226082220478008,0.06629102916205129,0.3009804655439241,0.30135797572307194,0.11011971037624169,0.24013998866557848,0.2359027221523022
0.8062838100432334,0.8903723643234224,0.8297645499350597,0.8543331756456951,0.9209082928930867,0.7343222479083804,0.7876403144327835,0.014422354782271354,0.3495966623868576,0.7815912226770045
0.3852970876779179,0.021405939877039912,0.09290767994743694,0.01940165266238367,0.023182482913256027,0.035808860647180314,0.026750769580620157,0.0803452638164977,0.0026080561950812715,0.02584231054758284
0.5137526041799674,0.8077064771469324,0.6552082078882369,0.7939009963249224,0.7734789741810106,0.7202370244601173,0.535424431810991,0.3730868286377378,0.4386317355389169,0.6238379500124998
0.71304647577818,0.20557750155618923,0.6150558398043509,0.7399290511528187,0.1565836945811387,0.3853809765533821,0.4299945626154682,0.8241778904181329,0.889351731552772,0.9630816187581709
0.2883614907589227,0.7311551947281595,0.5760273515305518,0.7612075000765011,0.7364154622365473,0.7091596001576048,0.5313088070921163,0.6191951702578153,0.6436535779284316,0.8108132398581736
0.19173925121928553,0.3619133928815216,0.6458205352488031,0.5649499711872972,0.6521918310550731,0.873305899324814,0.9885515816976432,0.49663318825105657,0.5059118789422384,0.9528579097508448
0.01688196914655441,0.08742075565864547,0.036771199517914105,0.07749804634110806,0.0648028647378683,0.39824270625477437,0.15359963714502226,0.06982904301865331,0.0053818608468979455,0.08807676225534343
0.9748960227522331,0.5687897371705439,0.9903806700751387,0.8511753906881414,0.4536072788254065,0.8607217742142421,0.9589455654765549,0.9364535770868327,0.6502070265574789,0.8071299804907244
0.4301348685754112,0.21398584721342476,0.67643777153031,0.1301737955842821,0.319115273039142,0.6118063565694909,0.8491925732903194,0.8606559458553853,0.9642897976948712,0.5047342980736597
0.76329913884033,0.30260668948873,0.12246052379980127,0.40986128888137485,0.16603019190650029,0.319060444374152,0.1816591382444744,0.03187948965912595,0.8546910648002803,0.32116216817889953
0.07744968934590954,0.3617461226104759,0.051327424808991676,0.0442861974864709,0.22309175430990497,0.5460459483225168,0.6905045666471672,0.644597363451078,0.5799147414166851,0.294803704703109
0.355213922284764,0.44811165947153253,0.7195333286683887,0.2382428403492496,0.4813914741671244,0.1245285459185256,0.1753919963167096,0.28625984025599294,0.47598170667751805,0.6350680264079269
0.011119537604748323,0.036834174663347374,0.23965408977625585,0.047068248441648884,0.04402444508922946,0.09617235008170957,0.0012132966759113265,0.17638055629174032,0.0042090803807104315,0.022133605307737666
0.4042481076849102,0.3533360992415022,0.13676524384411232,0.11401164055968767,0.19189550563739471,0.3468302295008102,0.059813725321134284,0.1869931513263109,0.42124280656163043,0.04026781046807946
0.49116215186324097,0.10511404176294414,0.8514914361321098,0.6719156873690644,0.5696566414862498,0.03975352903003562,0.08759179851584466,0.2846926011913453,0.04344960454136612,0.48650249698069803
0.5047085292006145,0.39372837700392205,0.915245239856562,0.8086614750799505,0.8247369214586244,0.314644830857998,0.33248756979328564,0.8184124937251779,0.14390074380938384,0.6571022093380661
0.0890473786936503,0.07168749357592713,0.07142255111021974,0.14825026980141937,0.08741726424273993,0.1412575150266871,0.6954442189909951,0.0071157714101813,0.5399363201781886,0.0922779233951068
0.8115695445219652,0.7647121583186673,0.5364463863915586,0.9280687119181537,0.48460354658782423,0.7916657754084463,0.6397891446933766,0.3931395456560465,0.6315856744449941,0.31968188579430035
0.1353530418917902,0.37554024438043165,0.6256621067651231,0.05474108631359866,0.03004646548497331,0.29685079687090216,0.38896629047379205,0.033701156482710645,0.2150966588697789,0.2626662612896389
0.11970705847384627,0.6114717056944179,0.7702212470839407,0.34054047122291,0.24392706254243723,0.7792865655231256,0.6684467354999046,0.46155946499351597,0.33022939288497843,0.26199965225042304
0.958884059783783,0.9567064772664713,0.792133509228033,0.22207973054171004,0.546398199285774,0.7362005103466192,0.9750428925649705,0.8363535844188581,0.9491530084053631,0.8386093438583173
0.30251532458358144,0.2068869819363747,0.7338256388422943,0.5528204271335516,0.3428152326376701,0.20952082182405227,0.8820514394898639,0.4973400635819561,0.4825772454366941,0.03939153839454459
0.12902851363475656,0.17092660734970216,0.1867050303122842,0.030104661555887962,0.11863785152135536,0.4238888167387958,0.35080351689623557,0.07914288543030831,0.046376615426085475,0.29570747561976984
0.964615183679919,0.9319465150239936,0.7198725616993042,0.6739438257502619,0.6834069725847345,0.7957242300639138,0.4576549452281804,0.8307502931887767,0.8906151130866291,0.9637404099023528
0.027832445421744016,0.9961867348266917,0.9703776441278514,0.7585224485638338,0.9562931927585754,0.55660981417102,0.07606114210115576,0.5073051858240123,0.8859452436323386,0.7350722418692792
0.35347745220154053,0.43425030504207385,0.4191079328534091,0.7243145769132189,0.7201928767422356,0.7935116059124674,0.029482935600192058,0.8245864408918241,0.39605611994401857,0.6457508442917892
0.5829884766359645,0.5926875763964745,0.5960094464179668,0.34058417217539005,0.6047241291898922,0.3179955284806047,0.3506505348613508,0.6975206139181932,0.06078891109312068,0.48538963250519573
0.9213710325916294,0.7407260376369511,0.2623743085668574,0.47356176048878273,0.1613492749974309,0.46049765168649737,0.3282346858120404,0.8770294928398843,0.7088663713987624,0.2354212254514054
0.7790650881345766,0.5150311811678789,0.864807996443821,0.9370004905192584,0.828838987169707,0.6119663551195926,0.894452399759023,0.6440132965796943,0.7554582698047368,0.8040203675534088
0.38296582952131897,0.4169627853577605,0.5481689695012683,0.6909990623672296,0.24197833271165398,0.3584666104143379,0.5853295961530796,0.30700226437275757,0.31835262857772606,0.7370122035443498
0.21074407997607872,0.5526187233327575,0.4392654592117946,0.6979747923744257,0.5933431760277902,0.32333589282061875,0.7365759443715219,0.08591686420114163,0.07685930846078588,0.6933956320737933
0.14069694240547312,0.11195073622745727,0.2725508886165624,0.10431202677206046,0.003844167262185823,0.080524135992552,0.07613465704044041,0.5795239482332017,0.04601324870624091,0.0783065404295136
0.9609260236702425,0.7834179488992559,0.927725758710064,0.27823416415125424,0.4964393735307081,0.9109747149849917,0.4357884674352427,0.6002343299981143,0.3937288861208887,0.6802230698708279
0.6850886870107147,0.31270736981474345,0.4513606207030379,0.025904457839877743,0.5368259249957934,0.450695359633106,0.5227415666470541,0.2764225000018102,0.4262606038216421,0.3653998187333821
0.15894469478852521,0.33503681144211706,0.19144142178527115,0.6054723472455678,0.5333285739577056,0.21920200112608673,0.5854126178403349,0.7435778081169284,0.48653427110095515,0.7832990797358624
0.08693740478659671,0.7494794095490004,0.5220596548329155,0.22768164770948224,0.7646013895392891,0.5532403945583635,0.5911735300591636,0.585615417336843,0.5568254234652872,0.15755811437203482
0.20262169430240073,0.4313832393140093,0.2377104558820834,0.11410751567639871,0.8588049001103236,0.8490724357179222,0.7433980885317673,0.3777652112086023,0.8152696013069536,0.6541730282791578
0.11326084443723056,0.09683357994625967,0.808837532221887,0.1444787818203289,0.03343882824126552,0.46659603420291473,0.08071992569600572,0.8728192897208378,0.34970119831734303,0.3017971147694799
0.6718449300761191,0.8383624963444719,0.9481274770824906,0.6774043039562736,0.7676345549232639,0.5951410776061882,0.7582100762162564,0.26163134256610526,0.8615631520796457,0.369191920132542
0.7776099669658387,0.8816606607235605,0.8003636979476388,0.6168730624812899,0.5948415936482656,0.8853283358396404,0.4925083471214917,0.7134279954041733,0.895034228450627,0.5912141070994148
0.06461959246478279,0.8401757843850557,0.1608307216800101,0.4356440643377519,0.6755192260950127,0.11264471082961817,0.7193407407674546,0.2884844897318013,0.13455476012789272,0.49500032925744863
0.7466338683718058,0.6103611944384548,0.9054287199236294,0.7633867976377577,0.4148680411460638,0.6785685108394954,0.5769570200412089,0.9748081748278201,0.5010439171035738,0.6434298455110135
0.40270041231538956,0.2738636533654286,0.876045387764423,0.10168186527086648,0.2916025877267746,0.6903912889164596,0.7188832064395043,0.4750191831601633,0.3293206266928773,0.4069193620961544
0.47296499730442904,0.5501609108660991,0.5403878759267562,0.0818612247930104,0.4922214182135356,0.5477275375500984,0.7947419294589014,0.0866165271272402,0.18744053994062376,0.3895151351275189
0.8256619503295695,0.27066494948409353,0.8826823190855722,0.4975066522579089,0.5794772772989816,0.22059859612334579,0.4036321902761092,0.589837056287681,0.5590467369507368,0.5059328412733857
0.28183183707465775,0.7985156596053824,0.5406385701615883,0.8975961204763827,0.11337249099670875,0.27676987810637077,0.8468680978769917,0.44412504833868544,0.17150348644494437,0.45451458717941257
0.25707198332724357,0.8505937396475051,0.7598689706451321,0.31111260710620847,0.8663561803085196,0.8546729646446497,0.7688847615434673,0.7799553204236536,0.7965655974079001,0.7145629357451612
0.5231630056372759,0.16563379413594376,0.28233335408914506,0.6758683754990437,0.937577326553964,0.44917367663130525,0.12628138161491712,0.8934937340303228,0.32959223043204516,0.6940438153441943
0.18748422183463373,0.6960545641502374,0.3413810221876526,0.6297340553937597,0.5079355818962548,0.2056103098872224,0.37091693378887625,0.18306915496126563,0.0670798780411295,0.8538915040996866
0.8582340999287249,0.715000952029015,0.056379958948662844,0.8881204668413757,0.10824511678675582,0.37086999301544155,0.009333735076295854,0.4099013887539929,0.5734550274813561,0.531387302811699
0.2166725735529685,0.26410756914280253,0.036624520591371515,0.0021681702543859746,0.1875048335245361,0.024765955361722495,0.07743461826099741,0.14124196304226325,0.02996844623425238,0.03976264287292555
0.7582537047318941,0.3239675413101374,0.6745134360912735,0.7463704529795729,0.326766075822115,0.5090100475076319,0.359543538001716,0.7193204055450937,0.867353135349559,0.8647811167263831
0.7865398890333213,0.8573468647637805,0.5262913638086322,0.3895792374397565,0.1415626631116629,0.9842871456511211,0.06620394261668552,0.7272230395723407,0.7937215919110114,0.8578715554152516
0.4442951039644607,0.14373390009061046,0.45910083485097253,0.3967053464792328,0.3392608083401352,0.9995829586996435,0.6777733040183695,0.8639270322911905,0.8801565802758784,0.8368462142484239
0.07528940888623036,0.3809428936276934,0.3482459413381827,0.49498650450111015,0.20461381304375856,0.08305300444097119,0.10911960664091108,0.3535460311540207,0.3915306616462306,0.14230992788773503
0.41136575804466013,0.24959464447196666,0.12865308482727553,0.3534846585464224,0.188707156617015,0.14335502561102395,0.5205912002001499,0.06438802305525863,0.3025285626032169,0.04831524403361782
0.4443402167654502,0.30217975894829396,0.4418907385663737,0.7640994692561799,0.5182867860735723,0.5326057863313483,0.2730201147235385,0.873926567965353,0.5858437087210839,0.19197771179784423
0.49987640776049963,0.620477669921955,0.9271854230305246,0.8869783427878426,0.8707848632480144,0.3837418043635343,0.767894325067296,0.800314627036193,0.24435998941095763,0.9493507389089934
0.16119654122052748,0.4032800946496818,0.08679927821635357,0.8248073784408692,0.785554226014153,0.7268565739760908,0.4859653350397621,0.2632737087207705,0.48581271203410537,0.41553519516484405
0.9797500102934774,0.8796646616124193,0.8664814853387885,0.792236036137068,0.5597087151578988,0.8938661572154956,0.8506192759460345,0.9757103918372273,0.7930164481085982,0.8689710700965624
0.1196092354622415,0.16821736620259048,0.5754230904021568,0.014376285048213847,0.6548879201029467,0.4704027928485559,0.34489056523301087,0.48788798230407393,0.4365598341531115,0.019807229003318678
0.1126040218290624,0.03980343147904582,0.6883162559854787,0.3837058732696602,0.25406766175314055,0.30188267645895583,0.14299007817889436,0.2645011086345467,0.98118688425346,0.2536563747178686
0.412641839274548,0.49483689590793967,0.8772722909440585,0.6838224042562835,0.5669078116505947,0.44147974572112375,0.49141964224442036,0.6098406294975773,0.4910839349384747,0.6493559745961719
0.4028216744286477,0.22380936268736007,0.0017656735508221146,0.12456212391032086,0.15454763453434975,0.3878182922881269,0.008681244789924072,0.11328969596493801,0.478763957712005,0.27464720157477707
0.4160827474293648,0.7356972061645597,0.7050214253626632,0.9947827569095034,0.8633309222053351,0.503050266909372,0.8806537449146246,0.7176724398996994,0.5670806477748163,0.41346361877360327
0.578100111229481,0.547013508575786,0.40593094452688455,0.6044761725950198,0.4292885721170567,0.5597866303459234,0.19672538358705263,0.05655551405888525,0.4363746769843029,0.5231260062796244
0.031764995002884364,0.24427504516414092,0.5320352779361486,0.1238843478058999,0.6451831079658386,0.13525924644577278,0.6453828324915325,0.21135182365561406,0.31874885710574496,0.22366181139837796
0.0055559760727168055,0.10897678771595634,0.03230426530067905,0.04603881366529299,0.149436143276778,0.15109904493504503,0.09394671113768498,0.05664597292063867,0.05034368367023238,0.1487323280734381
0.27403502136577884,0.21298313405269917,0.4024960115844653,0.1287375547395511,0.013349775442094914,0.19645136277119185,0.5836853234027385,0.16168055890005337,0.1576497642107982,0.0663255803862225
0.1715834225382661,0.5905756146731796,0.8674733994559946,0.7346128211970623,0.32198448443091077,0.4910341897807097,0.49878636448432,0.6065470141817981,0.1931226467752219,0.2277568841342019
0.4341463283130745,0.6626429994660048,0.07309942865027828,0.86902525500785,0.09459456136450277,0.32415223059104387,0.2214836867891003,0.3488146654314931,0.11967340428773829,0.12062822328975659
0.4719526881615618,0.21960530160132768,0.6355264143938937,0.24959968003998045,0.8315350352401373,0.4713924847637463,0.6028232224173411,0.09353190134278587,0.7459869384524341,0.7110891110254285
0.646302347522034,0.0020983721567919083,0.03184292034047485,0.26318269576119513,0.014287170095101335,0.022986660144665806,0.17928024559656291,0.04336389903476484,0.49985558630570603,0.035162999800178826
0.4776351532390696,0.6952169400672339,0.6316593565943447,0.1351540356375744,0.6755022888119027,0.2610287949845945,0.46891315017479607,0.15402036995902427,0.7698230366995982,0.2971899541544204
0.8703244897272896,0.1930016545185396,0.536507290719678,0.7459698098521692,0.6987250316972303,0.8754096991368344,0.7691414063269816,0.5964863398082338,0.4157212099911465,0.6539530552143491
0.6059711174713454,0.2381257069514803,0.055091787709931735,0.04173617507901757,0.0556386294903129,0.15096451882543782,0.11488266163313288,0.04173066340933484,0.7562922979783699,0.13882619133763938
0.8707779019227384,0.30368000791222616,0.8546690428161299,0.6694853848755926,0.8504176282069201,0.9320754635561966,0.7179446251209816,0.5939603606219149,0.5065942819673964,0.968384909569335
0.7817547550629813,0.8118251984826493,0.6874537782038947,0.7918572622888966,0.47634929138083143,0.5986420525392149,0.12177480072378502,0.7263875845506147,0.20780821203905295,0.9267710120514309
0.20428780523232673,0.3063659949142311,0.6179502230206106,0.5625148180298594,0.8305198958616575,0.32322000556906355,0.7281681562521054,0.1997730774153736,0.11504206976192399,0.843872346505587
0.058478908208259905,0.3838526603351614,0.8144955309983859,0.24107708910418418,0.09691493929809754,0.09415795234977418,0.5430241928021725,0.6704787310914495,0.540351138831354,0.7053583674129895
0.1588062644291404,0.5070707119214658,0.22737470288729875,0.15113350119052127,0.24114456139172286,0.47885754590583285,0.7117486404079827,0.6027795383320697,0.10729703240579878,0.15465176711818807
0.593539320742277,0.4292882473790245,0.5555260901482625,0.5198603690005684,0.36645877628117673,0.16715858302807343,0.2814628990299479,0.15826065174955867,0.4590013060170638,0.13645970853590125
0.8413001711848543,0.7033666795461242,0.4242532142056714,0.4646747117176908,0.707767952956714,0.7107587730410616,0.9020926796491772,0.7661206072595148,0.5837656576049338,0.8092905304226694
0.34215461254862733,0.22845820397578198,0.6511758269172039,0.44780034406016483,0.17248701189655666,0.20814651032991563,0.061019495778512185,0.6287228507519615,0.5263684422404675,0.3330267354368601
0.15843639039756738,0.785142256542874,0.5297167293086471,0.6821216810694524,0.19887296624909193,0.7564741631592339,0.8135092483884457,0.548888829689456,0.60132472715937,0.9061664336079098
0.6742031556355714,0.7201564623329282,0.7929465904938837,0.24591072513418905,0.5395500818050775,0.2913428276345027,0.8634137003694946,0.6681892314883162,0.5417988518363054,0.46311152565282676
0.8417953297145652,0.8092167040464302,0.9910143533667509,0.8526431645804611,0.7750737993866759,0.826635449897879,0.8753232583053017,0.5720478381076655,0.6630231625603087,0.6505884641756572
0.345634514725536,0.40199338632003756,0.7881799450638598,0.5730083235220523,0.38502871090445223,0.15176991035979398,0.7131793732434225,0.8730512453209037,0.9668796625149011,0.25075881580366055
0.4472986968952184,0.9034865315753647,0.8623998500016439,0.6381800458403109,0.4391711517183976,0.7232598232919503,0.7353435697723225,0.7576725341728509,0.7786951104915264,0.8390881356393116
0.28558681176234846,0.24923688780578235,0.8622694078835303,0.20999100172343504,0.25790719221596997,0.6530160502610134,0.14309803109224964,0.07710188673572932,0.7323467167094428,0.6875430782000296
0.3307752688507767,0.6223218624849447,0.29631082802073694,0.9203653704548995,0.5918033184373213,0.860071032002248,0.7928634919403157,0.6655843421116006,0.9178681333720524,0.5845100911335337
0.7527245798176163,0.18162352751733457,0.5707838246595508,0.8088255029631635,0.3153406870404024,0.574540768220638,0.7498093554761174,0.7000886315930941,0.7459525166483539,0.38417388987682144
0.12825425514715452,0.05203168056907776,0.008838678981524297,0.06112787861544099,0.9094862790184484,0.016867914048184475,0.2758301698478838,0.11190107126966002,0.7617888084639293,0.053561461595727784
0.28240802436935797,0.3429678627389336,0.7584387779734398,0.06356386145600858,0.2610027113939566,0.4950852571744555,0.04410227359198457,0.5203625697850388,0.5564253470227545,0.3964605667849405
0.5710725713397716,0.005773984065683172,0.05342428859848595,0.4681975688235323,0.21640055909017777,0.12549917342644606,0.49363805604467736,0.17345146206122894,0.22165111708767457,0.4031773092292149
0.7568365110526657,0.8748737692785129,0.6075695256837338,0.9588649308202426,0.4434028042024611,0.965728390794194,0.8307035437568255,0.7954146186698026,0.6687954162802141,0.8901215723417736
0.7949537210431992,0.7573811795358814,0.7849438083297267,0.9484883418940296,0.2975162028177169,0.890566076761076,0.9106420151326519,0.9339769727215603,0.8242927466132938,0.9503538297938623
0.5896988527081989,0.32474362362769815,0.4529238355095039,0.6802177274327651,0.7643209157445058,0.07592052532681808,0.9701071127826029,0.18382673866609237,0.12218546219630749,0.7672938219214221
0.766573382867111,0.23689754701258248,0.7877127366577543,0.7300342590275086,0.2708927954737014,0.6682996985941727,0.20594513506109277,0.5323421483154087,0.7916350759824182,0.5513920659559677
0.8662994128696817,0.6853869681331457,0.003520227583878443,0.08822977326275519,0.41001823679162175,0.7362209002731621,0.15111630463643325,0.5441730363942259,0.48520272399536885,0.4858250611697055
0.0674285436406537,0.07037219535365526,0.15253357748026228,0.2698229349300549,0.727928032151723,0.012095215434560203,0.42572642208334865,0.33962372990996076,0.3033985046924298,0.24725722727072585
0.545803681591996,0.06691618921386644,0.01051940805696316,0.027968221618926644,0.06390192632464552,0.6912379462464947,0.013428769404334373,0.12344694272606747,0.03045654945372972,0.060347837785524217
0.5360773037223164,0.045478102622299545,0.2548200072921935,0.11595319832980015,0.15029872130693142,0.32968354711115044,0.47095200941084825,0.025090048212011225,0.9333667348605624,0.7982526884697662
0.6090117787476867,0.8845326881043576,0.7809568422948991,0.8574381924884147,0.6890454746162928,0.9347286735152741,0.9585626582288097,0.7096879877014588,0.8876610544672984,0.8426408508417649
0.9510695808665102,0.8177972531494263,0.6902753767154677,0.7761927816271149,0.984984331400375,0.9436800024313062,0.9704207451317495,0.8695316196373724,0.8761316012347251,0.5535139294886409
0.4094729572489419,0.37334027574082707,0.22559657097656902,0.38156638135408116,0.43150834734104554,0.4005779333481136,0.2666342992233225,0.05261912450837856,0.49792642983560176,0.4446007689416744
0.7926609421423516,0.9464551651462533,0.7884325419013394,0.4990758147913063,0.4876693098098551,0.7771606994466195,0.573935421607579,0.9386533021162378,0.7715767257703123,0.7353728477947739
0.3589823570229178,0.38608688967198546,0.4196890554619328,0.08082426668645326,0.1750797245675027,0.25371046825656995,0.22114822622578997,0.28843422026568,0.8507583451383345,0.32026276127495823
0.8892785847441071,0.6698203672758166,0.5659877568806858,0.146545804005882,0.4597293425858337,0.7494934213942548,0.5669584104482602,0.22874111224153718,0.7536286547051491,0.9227266442031656
0.616364283784625,0.36193786703276365,0.07898440877163357,0.781891654959574,0.6774374337738527,0.4883128610556215,0.3137142573218251,0.05159473962015584,0.2703520677193804,0.8944040322881255
0.37886109202223683,0.9992079667131762,0.9795847003050315,0.9877177122717126,0.4837029918146868,0.8334289943481942,0.9743306035594426,0.8819839472714233,0.6417270723142938,0.9733083430420548
0.882237965095777,0.6479279434537615,0.6350182326046829,0.7543285497179577,0.3046467986186045,0.9768501734320117,0.4856065640805824,0.27401463273295124,0.4380463017720789,0.5973290792336574
0.21246530001658315,0.41588792339721636,0.9947667790450282,0.9775464622466372,0.4778842295337571,0.2908989334724727,0.9996548729471648,0.9641497652257742,0.8730100110309045,0.8707906645865773
0.5674834645478188,0.4124118454499254,0.6586961048801523,0.5915672526249957,0.07454084528159177,0.6125391210953022,0.2053500245042023,0.13098399209731254,0.4783980333558431,0.5456358865290304
0.49650697374598257,0.31415864765046325,0.6339306549974593,0.8527159517443839,0.1635623703562553,0.13752613648473294,0.3727440458252717,0.6017867209377772,0.9817849664238228,0.44695633689711944
0.2715239484822125,0.9918995605891253,0.45662967424775797,0.538136869321968,0.47863759963124874,0.9113190218445096,0.6448221373693676,0.5164937642355946,0.4824031742739954,0.7291860361178686
0.5972592455441388,0.3202282837682247,0.0012721344411067183,0.06575784306791531,0.09909882963609856,0.010038392695289503,0.0723034876567148,0.3550820861996862,0.09830679594176264,0.05606678116540507
0.24436838375771947,0.3482224259339306,0.6642138409385447,0.40132326093704107,0.5164678201067621,0.8923800441615581,0.4777876201580579,0.8914119839910913,0.4289854976946511,0.7416278010030506
0.10259214413736377,0.19074065936638157,0.6717336821462794,0.7199230959784215,0.3936767953749456,0.33091324116241216,0.5331570512276724,0.3715647305349222,0.37380007905967005,0.8187767324435623
0.5996600075126115,0.8898125730316564,0.3701862446578339,0.7924327073844317,0.5505701653818385,0.552107352627923,0.8673823423349711,0.7830743918288238,0.7275012878648113,0.7454431784196078
0.95964133795109,0.633252702708095,0.5077198786910948,0.5868631191227398,0.6803292126667644,0.9041905436882374,0.8852202976377592,0.9070152990372259,0.9822918555499981,0.9189939816837136
0.4586419804017403,0.1031223419875222,0.3673192866330707,0.2929029899125882,0.5507502644695347,0.01902537220364372,0.07133603732452864,0.2518468232175865,0.3822991469245272,0.4780699819255365
0.3792033311113539,0.6526863554227236,0.6212973518654841,0.13335824535103444,0.9059925209110876,0.8349755737723299,0.49083638646362615,0.5429143389248452,0.9696199720885748,0.6665520690798357
0.032625218046472636,0.16051214039486444,0.1265123848973514,0.2403176411524599,0.15626004381976658,0.19257214757042973,0.0770940754353869,0.19463998034398314,0.07420910155305602,0.0954591054967286
0.951883508893832,0.9128019436042132,0.7242218356370143,0.28339390135243653,0.7701496019265718,0.7695134580163714,0.8739564215904945,0.23170369558464932,0.6340008589224412,0.5133977836557037
0.7260448718206776,0.7542584418162813,0.9238401376474523,0.73487977094933,0.46599176330508546,0.06560101150849285,0.4679301119141571,0.8723427378798999,0.8292864799239572,0.9215572031311915
0.1961370440605321,0.35729352676020876,0.2124844690366781,0.911764000733135,0.39223652532177794,0.8933844676438741,0.0762878787011437,0.49243748502143864,0.4824018448377473,0.09489432904081117
0.1879955788808715,0.08885290628695806,0.44290438523615816,0.24371894358669227,0.36718981375220466,0.7285261117881323,0.48609209121620595,0.5973029400873796,0.296737109913939,0.5605546452586776
0.3749218628066747,0.05316616993054721,0.10227547181978197,0.25526887579791024,0.2695133026752413,0.7435323217025098,0.5727705957342819,0.709343335819486,0.5334386641844739,0.16692861929336983
0.3472464235352558,0.5883615302023615,0.4741005755478146,0.40937148104354437,0.3590832979317907,0.2387974192130078,0.11720382053929394,0.8898809086688779,0.4743920207381327,0.8966017629290967
0.32065179207499706,0.3632172755674694,0.5789812698601411,0.3934325928505908,0.38356225001381306,0.22496320260828429,0.18541263910324665,0.6487612506121261,0.5390634491634154,0.7678631510565275
0.4773122927841713,0.26154253106276454,0.6016413590827014,0.33142293951044965,0.3905138248445949,0.875716308450691,0.832097275696418,0.7126586392134258,0.5541603327849025,0.675880201687433
0.6841672392309537,0.8431800832023766,0.1962964262505232,0.6924917724385435,0.7733526384287934,0.035789030479052276,0.9296397748491136,0.9290244017336673,0.7200919125765328,0.9695634345768676
0.27396644785007257,0.42685264389131283,0.8996755833083369,0.5214287703062254,0.7352652884359117,0.6151610864974726,0.5582958301815286,0.8348701605402711,0.5817469419311119,0.23633987063316572
0.5737456426717371,0.1843848423139731,0.6532779143246921,0.7301595304924697,0.15305224942968235,0.5409592125496806,0.5755856323119134,0.3571572643468647,0.09505823993285756,0.9408038279958765
0.15339326287493737,0.337677177686879,0.08014752490271393,0.36279136200131284,0.28829023825098976,0.19092300835216502,0.5330303788836251,0.6230579837988732,0.15068918094456624,0.7891917703830219
0.5579215472913988,0.5653855854379572,0.00016501811477492178,0.006055571836054749,0.008855990984833582,0.023965037689356414,0.021565688349367788,0.009409050467408194,0.06420170735277045,0.03858593663106856
0.570831513507948,0.9986224022917297,0.921387312295175,0.9427062065004537,0.9849948200447837,0.987087431182695,0.9856052355116522,0.8807885310906485,0.778768683938422,0.9963599379133343
0.03382546277755334,0.08075653636119215,0.026316433798344904,0.05486176683992119,0.02611251137230419,0.33414984353986654,0.14397193474921133,0.16597373281438874,0.14750447709535733,0.42743448535112094
0.5138850041477167,0.39863527599264525,0.9267176727629292,0.7820401880732393,0.6033391678030007,0.965845675652176,0.920226622109457,0.38376250550792734,0.6121839057936497,0.7017135382213491
0.12509000647208246,0.009145197598151035,0.5315374754555954,0.0658053233014006,0.1821085859151315,0.14575475100713453,0.5191194014041306,0.05755770570503122,0.14532408638506664,0.026323763900060214
0.616132836726855,0.6173439016030358,0.584840075347165,0.02483927914674721,0.5008852134600789,0.7932709625803379,0.6192434180391456,0.5229157745223318,0.503850419258539,0.11388499997540617
0.6316079588989094,0.8051978863059879,0.7348254521558644,0.7394805442733323,0.9403804930905704,0.7955095643901088,0.47747802381859256,0.7669674827386457,0.6698217087163878,0.9257274078518052
0.07725384473184013,0.6204010952467871,0.4331606498195343,0.6932019791812876,0.7315275070416597,0.9961532560669256,0.5063939406981801,0.7030024567149973,0.08664072982996131,0.870923701691009
0.47093977904884365,0.8337055223329619,0.01974543484015645,0.20574294211815297,0.44027076690484734,0.11055694480481121,0.6384634033200207,0.3892410325631045,0.5361078015958057,0.5794995990939815
0.5179545933119025,0.2255620439006917,0.6979585719798054,0.20234950663433054,0.2762324288345376,0.16536659268819043,0.22284686669640189,0.7394404502343637,0.1761137799381923,0.44776283793170923
0.6953231803950657,0.969132561204395,0.98591568370238,0.9449110376029691,0.6913225199133228,0.9432757874654365,0.7803064973153234,0.8242265197523662,0.5802722547974288,0.9309355302599162
0.6471209740971477,0.5622725830522011,0.3170724181816571,0.2938642834711993,0.7382870339157656,0.24913856222686798,0.8445931236374832,0.46930526322762744,0.09297719200618598,0.40291794527043023
0.9447751919993386,0.3874918179861728,0.8594820557571546,0.46501520132350704,0.9862096538427636,0.8425735173581282,0.5995654771537255,0.1660307807053117,0.47909327059321455,0.7368493306664075
0.4724448358641953,0.15987227136192722,0.1481117206364672,0.501893891200737,0.33108050495248265,0.22382840796855566,0.6891635542857801,0.030319793557467077,0.3157597862330647,0.2306719778152362
0.4623302113463121,0.38614743397769213,0.6295088041472701,0.07670981650356849,0.8430577871118534,0.5306238333207783,0.27989471563656465,0.1137028387234225,0.5888828911849046,0.04037174671649498
0.9802504088187189,0.949162011292062,0.8347279667060783,0.8860492209627684,0.9663469298463454,0.957126314144068,0.9880774680415165,0.9772005612177352,0.8889766788947066,0.9513924780733897
0.8781861455012046,0.35398968411591136,0.04364948104158523,0.10199764661142391,0.36304979494300704,0.20787665198002322,0.9225070942059407,0.157397511134706,0.7830523952855557,0.07518989846958991
0.4322240360666517,0.1002338103479311,0.09672170955991971,0.48577133212293616,0.5929513468730261,0.326535662818334,0.11930686037551548,0.22865789169592346,0.08237993398923858,0.03864579186875992
0.4731770410339638,0.5092603686979074,0.4210703951296444,0.09596848231476787,0.386077078025253,0.6739263491102373,0.3586244279716793,0.48545112763266374,0.8657728691781426,0.481663544778165
0.22900829404339443,0.34004185281859045,0.06816683710817126,0.08694376053154139,0.4334137279849709,0.33837051856227507,0.03200481686803545,0.1972404678221416,0.24596680860142806,0.2019743009290635
0.39042396659253137,0.4908011836335483,0.4019171632641523,0.2466238066985349,0.3729865959129208,0.8835890461022451,0.6676002350572956,0.17669186322644254,0.6297430200340934,0.5626288690046027
0.7515050700203167,0.30780619171021545,0.317257501161898,0.8569883786872354,0.7326777065688641,0.540341788628381,0.20995343553443793,0.7637266739462701,0.6833516149047698,0.5273009862198914
0.8796864411669105,0.24765381654290342,0.3374314164734925,0.17523470940925256,0.8501426781145018,0.667179191071306,0.5889538162396202,0.6870158391013836,0.7971105763441435,0.9147791796103324
0.9361726661399113,0.9926566722513119,0.5751000965040132,0.723588053267288,0.5464515458205441,0.5099112026842396,0.7615337325841551,0.6483714556150284,0.4468368982186844,0.39196584175144056
0.9343023309155719,0.9106040089119132,0.2936969007749985,0.6420562334514639,0.3273114331211323,0.6769515530662196,0.2321310210155769,0.8228669142267394,0.7866046100766723,0.608546274539307
0.35222559999155356,0.28637523382152297,0.4365269250573339,0.46594424646631083,0.40293622578373245,0.4144352202204066,0.9138527058389414,0.2516129892340765,0.6283797809638227,0.2304597208923418
0.4724434027518759,0.945030162755321,0.23735059184302415,0.10806241709835468,0.2872828132576152,0.3855759986155929,0.5098840042995432,0.8344740279763271,0.242637952082688,0.7093588929663388
0.41686994190670823,0.3366981054012612,0.9895019896702673,0.7621808821133613,0.9142103438349498,0.7171295104394169,0.9267395526286588,0.8501911352540298,0.6190991796225213,0.14112552264758807
0.17054377048356284,0.6248906302485191,0.3647046474595552,0.20999845949515128,0.1573779196561848,0.14340582925566517,0.4221522124577629,0.7212699927377226,0.2388936876534942,0.1904626636321953
0.9711111109480207,0.908421328299823,0.22593502784997893,0.8587395711582532,0.9282543578563939,0.3965928917399319,0.7152742123502158,0.9521863676839221,0.46527686224041576,0.4603530454673286
0.7985831850220647,0.8491839120354633,0.8987066497553537,0.49381582847327016,0.9793275105384296,0.7119706893314559,0.731490758460422,0.8564789380085869,0.6630132992862832,0.4729234151331981
0.3772960738755571,0.9244903556334368,0.9903390123940722,0.886790238783127,0.840261675894373,0.8755350521849155,0.9653676455021205,0.9488733833736727,0.9736378361410849,0.4213592480386903
0.3267826571651835,0.40357213047043483,0.8424189571999536,0.690594303950866,0.46804793301192554,0.7757334610279134,0.31650274135879086,0.6103641290895234,0.45779550666311236,0.5659914272468318
0.8639222730535783,0.5396621819529556,0.19246861576723082,0.28418850863129513,0.5380814731909084,0.47623081299765707,0.21497700171071568,0.4147554674560988,0.9246286056733658,0.4736490136266964
0.3920662937377487,0.19906014526097363,0.24815550746217968,0.1108472143873369,0.07457703409349671,0.016186853457136566,0.218175058651548,0.554366164587917,0.001398174749884332,0.23194943055429998
0.893036643764494,0.9629186599529306,0.9717401454368647,0.7379636010663801,0.7530157813019145,0.9579916347691179,0.9552986821014166,0.881932100026741,0.9467146357147525,0.9134424384606789
0.9698645513429367,0.5692143688686346,0.5871006102354646,0.666141390540095,0.6652946018581363,0.6421146468195984,0.9596617559437982,0.9579433295438923,0.6831818622494059,0.8835269637251062
0.5784018529834305,0.5479300791590406,0.24617397520154655,0.39089501796740067,0.24968240828667188,0.7917058184290254,0.0490429470935286,0.5682141224844452,0.18038937829740037,0.27675783811733057
0.04223364904932529,0.6966754299256595,0.4837101182990319,0.3139222344536684,0.05437929421877843,0.08519918888876017,0.18675637751021823,0.3351616351496489,0.15348847822959052,0.10080538860729224
0.21988369490786264,0.25824706487131677,0.4833210623226535,0.12505811821852325,0.6773855025870616,0.06204159220769571,0.21479799024078547,0.7566529996568008,0.2977742692978713,0.2087029208955701
0.530433989605045,0.8645365271145083,0.8319354689068755,0.8854253199694637,0.8360318607896751,0.8608423203816281,0.615410140877819,0.9478501819527742,0.9319907103367939,0.9198401329314728
0.3027891201219055,0.8315700943476554,0.7361667155454272,0.0164830171278206,0.5423103280997031,0.006141090031058668,0.6719417606199269,0.1985917331023574,0.6453088505594149,0.28833527666513703
0.6638763811492454,0.09546212957847108,0.19668943599927666,0.03621466931651993,0.5457375980917087,0.2400750607226694,0.2189653475150086,0.034089309932364587,0.26309677108726676,0.5245560396827252
0.4871583642817152,0.23837591703206717,0.8739404386010665,0.6718731863459184,0.46369688254619035,0.9152459854204875,0.6270388041485477,0.762525431671675,0.14837674276296514,0.920214952124974
0.9222639682278625,0.9639487298831052,0.8495755575740519,0.7720927007373477,0.556259323516137,0.8927181121215151,0.5043984372867343,0.916996592620192,0.9476456710390191,0.8248371647823484
0.6188554143516078,0.07407710596838367,0.8842914398027394,0.4525664319037968,0.5754040973925862,0.8125699889057447,0.35412153784872646,0.8990942475950641,0.6224318587304758,0.5387598276831125
0.7334697556756937,0.5007601925096318,0.34669081766593757,0.13458547405599167,0.5203905408820048,0.6948116805188969,0.5820391568513227,0.5226656657679133,0.5558922292376974,0.9616375650735911
0.5045440400738634,0.2595399460872665,0.3344208695870426,0.20852453993027384,0.9828799284227341,0.21010931736158564,0.0017231459194530165,0.16693603099709584,0.19384704890037402,0.2546514794157868
0.05651430179287102,0.12375163788652845,0.6385153410776425,0.05016549604654183,0.0763756444155876,0.05660850166106661,0.08406521965906798,0.07868158637147293,0.044589039207501874,0.010364079738943193
0.20186731522613968,0.1949817410975641,0.125814067721114,0.9838556540563822,0.9168457785500723,0.5853506970658189,0.6114127632081299,0.026428188678245493,0.8780718911618274,0.42375248993252923
0.7965966786598139,0.22844966408142597,0.04084207650885159,0.9994146289165728,0.8273956956882114,0.0569766723925022,0.5801027747586428,0.0622798368359033,0.5689074066491537,0.24323657942139018
0.37579577237723605,0.5197687785137763,0.17473235923572583,0.15896721096952157,0.1587286686586938,0.5793554641617604,0.20557140266788293,0.8861041874965723,0.2986115080463617,0.6843307946216968
0.5851659151093569,0.14178709900064063,0.04292865660467517,0.6993715684982631,0.4125820601255901,0.8070148781387272,0.2890270436073198,0.11976243885003642,0.5118494085066795,0.22015434028886205
0.10523788780524262,0.3100306707660615,0.05779507081191388,0.5198679129974425,0.07783299139496987,0.02951698943844549,0.18035253597712836,0.20713532209787422,0.942260289001909,0.31050544129820223
0.5719468297092956,0.8912817542126925,0.0029854909445876997,0.2937940572452846,0.38079017658832254,0.23870890699777292,0.3641014333666076,0.581500827719412,0.5131670007997597,0.0829334372663079
0.574354305936053,0.6529481264807415,0.4174206745546215,0.8636635696341581,0.5984275628570688,0.7721886731982847,0.9578300491486237,0.440744042885551,0.9251435975339167,0.5008468475702956
0.5041128711291111,0.38150059732963176,0.14456254950933756,0.342137179640156,0.0814876583260476,0.6190005250436489,0.02753901826406071,0.11880637338596564,0.1809936099521298,0.016898357067851023
0.5448246580012319,0.24999963559273364,0.9193370687000222,0.7879115711489229,0.6485342564289347,0.7617806255418217,0.9746085780964361,0.5544132226832557,0.7057222438970263,0.7113532344380904
0.7193006247167284,0.8420954069742487,0.5252418000877982,0.10120662394633097,0.887474629512377,0.18616789160748323,0.7980469434639331,0.6237629500562979,0.41978688692172084,0.9405319152079363
0.37800441895768666,0.6174797952572944,0.7925275604724242,0.9102605400906466,0.5231944896937859,0.5649639137128413,0.24327463472596,0.7566749235067007,0.2538855013034265,0.27841551195107567
0.9912019750880988,0.45746305613205496,0.9759888307941913,0.8956883276239669,0.9202121892152662,0.8834785244121198,0.9683528677174201,0.9800827859122037,0.3439380931545898,0.8611260419360245
0.572380035246184,0.5988959298221511,0.6275435194543313,0.5920119016257348,0.7406730717754932,0.1604791875636295,0.4509973358932742,0.17607016711800086,0.5412060598860066,0.033579845593511265
0.894839334482809,0.8380170081802651,0.21686469254190002,0.9774201909584084,0.7844751619042659,0.4206834412924868,0.23630565602820655,0.5284425301123964,0.977207281673943,0.34071916725761053
0.3371390330595897,0.7142335633834906,0.005410035835635249,0.10307998109232211,0.18349205572197413,0.4965082672106675,0.06828177003872934,0.21962472058352248,0.15210207217172197,0.047397629418792254
0.7163268710722674,0.5210569454383759,0.2685354833003376,0.326824591345241,0.027306023731714278,0.15353135797471298,0.5970805896946115,0.06908128591718032,0.5906224605296542,0.4099779787585628
0.7829918533017635,0.8097869108588829,0.43902815907007453,0.666599088615399,0.47335626686221133,0.16216775573513847,0.493731164794749,0.576395923765007,0.3389120459859577,0.31808701663223565
0.8521148972255754,0.6140338049108444,0.19144200130110856,0.17142154854776293,0.5013339907747056,0.18940282428008412,0.1423748066249253,0.2664107584798041,0.7069135845273857,0.4050210671957294
0.8713293331554728,0.49630769406096537,0.9481830222685517,0.29688658167654136,0.775484579992892,0.3006321962088303,0.966786574955988,0.7922889475018402,0.5485746123775121,0.6168873978503353
0.929669481582986,0.6054526290727782,0.8446902080410889,0.8752725055186649,0.8117014114766493,0.5526393386891794,0.8852024737527644,0.928092956066137,0.6972103020704814,0.8531457273600043
0.5534836549136509,0.6152337688713466,0.7056467986025379,0.520377086776028,0.7824348976282574,0.6082551727317281,0.3902446734927729,0.817762498055461,0.34184056344516556,0.864925110477698
0.7924596213595492,0.7332128382713634,0.529082834831251,0.455861827780183,0.8782042023960068,0.8045597010075385,0.8584668358481062,0.2886954108080881,0.20369811514156644,0.3339896169654139
0.8900236058322242,0.18688129242393572,0.8373462912523423,0.2884810909991312,0.5537123898102663,0.3541742972743148,0.3970475171245359,0.5667650281923653,0.6976809218706976,0.5024251985934308
0.6121145378530347,0.18625362457126388,0.11069580870911157,0.5473489546555101,0.5870077942577261,0.9041818520057721,0.19124118317774297,0.8528242645489192,0.1329714784592467,0.6477889528499357
0.54599917386946,0.15052330261160168,0.12487409535432885,0.6312825164475794,0.7799551685654501,0.6095943724516754,0.310720355456934,0.06409223967763568,0.5483666627915019,0.2117842845909836
0.23922125821227241,0.7395909498011437,0.3708882496580139,0.8540356394793838,0.7826569031260027,0.46708974903413814,0.3117931099274549,0.5230860085746282,0.14507414990509904,0.6125318146335009
0.5347428912674126,0.5951052920070068,0.39624853872363647,0.5901623502210114,0.8991923363520238,0.8272323847030958,0.006260448329453644,0.4504514266284062,0.696854330091984,0.8075239122185693
0.700708563558408,0.8838754935173755,0.30712521226423584,0.8308709283337402,0.26617362288682944,0.7979206599100567,0.9766652299778318,0.6015073004021345,0.8797541769694817,0.45582107535181415
0.6313204323563656,0.0534111927148818,0.303403596603834,0.03995955283778291,0.5250105057066599,0.31370675582159696,0.26531509573544143,0.01623806630853559,0.15017823408570172,0.09850168618812528
0.7072171739400357,0.08284693119117634,0.22634334056359798,0.11021473138866092,0.16351748551502576,0.20056089128701188,0.5845513209381419,0.07168007146004983,0.35545993896961237,0.13916129360132426
0.4449166631196232,0.9068235852367191,0.792427501384406,0.929133293094556,0.9768369514231908,0.8645648303548851,0.6074269360841077,0.8378522544412534,0.7752780114281858,0.47760800722724833
0.350806936032981,0.5509358993476994,0.033752978312477956,0.2191605875197579,0.14588844344622143,0.38964286382723506,0.02177915075056435,0.21651606845010463,0.07551262739657179,0.03482818530531877
0.2866258727073068,0.183676364826065,0.18205895837009964,0.1226192877325956,0.4497486372412021,0.15192900466464396,0.4486038379397407,0.10441572406967901,0.4396319772260685,0.4482582831370914
0.8344982060279595,0.8939761753983411,0.9940423799361161,0.9761049124184934,0.9402747826760719,0.9796275142097979,0.9566345141698505,0.9576991584205414,0.9339019525838578,0.9790727144282142
0.17111103840846048,0.35396467397937503,0.5349910947132839,0.1587626011808762,0.008321989786356817,0.1525927248422307,0.1396208955059521,0.21563470635035242,0.11834872667515654,0.3151561357180107
0.49341415405133304,0.5378320650061433,0.32419330518257927,0.606895867903563,0.5172127902977798,0.07040492130273372,0.2699097097578649,0.3225881747946536,0.4289334671544101,0.1832182587077298
0.017035363088229248,0.1903700956168297,0.5928206769731927,0.19585817637196817,0.5673984556084415,0.7089773005877578,0.2632825532365641,0.19664231371876284,0.5555904253404,0.01998830884523662
0.6745785146501025,0.7813176575062842,0.4921444955318261,0.8075450649953679,0.7330035185657868,0.9892726223007208,0.8010345359426099,0.747957514233152,0.908047892578604,0.7764259109248794
0.6842381313652501,0.8618337964752228,0.6955415949323913,0.769743880356161,0.6323781845881049,0.5512320532088891,0.7423100897140542,0.31131192454705503,0.8171237659125199,0.6478128917337902
0.9042427605121303,0.8070456374545708,0.826739662786338,0.9370314338979985,0.9300453509413853,0.9872548825407912,0.6483455361565311,0.7916698873689522,0.9674821573967161,0.9351993153892028
0.5461295454769857,0.41268706434837976,0.9778012762193371,0.1881937814663882,0.3076692546269916,0.3425599600929924,0.2229452602925459,0.5727804483545886,0.7468196193301708,0.9154119087053344
0.16277631482330482,0.5664642016270706,0.05572738063812536,0.5461391691865232,0.7985191616222485,0.8781768428400907,0.22005475449190356,0.5742506947563896,0.41803702289664896,0.3815040484297664
0.6210177779888795,0.9267426206464406,0.8636917813931195,0.6960746570823162,0.846747792631189,0.38304080583479927,0.523338749244994,0.9305151124743473,0.7790545455886819,0.7223115694970477
0.17159927905605854,0.2796328667797672,0.12762967944220732,0.015718619249227635,0.02416181098792664,0.14455516341356567,0.2428708016815361,0.4279468050302588,0.08565476144380377,0.18146342900984627
0.4276051709722517,0.17142609792616811,0.28941328910110087,0.38751577490382244,0.6292763704233861,0.3238366632228872,0.166526261964665,0.42241656450525183,0.8138148615819785,0.29552071138580804
0.36186954595132437,0.8935406942191656,0.132331542435868,0.46647109306556717,0.6813934618773454,0.16283869395431827,0.16170121756975647,0.46648169403444895,0.41284624542171927,0.23646561749790795
0.17593774757326647,0.1446744555507507,0.07763670146460633,0.3902330898873076,0.6641138124852886,0.459633650006843,0.4561268109526272,0.281734948682415,0.09453823069212902,0.4465914992743693
0.5734854269598565,0.6055745295071616,0.9518053595463845,0.9152642851803022,0.9378521962615364,0.8591312815712113,0.9142074193391582,0.9524070739976577,0.8204388093441572,0.9653385412452448
0.017570192214099584,0.026929512927427776,0.02799405982710115,0.07077040061026878,0.03247530514505896,0.746569961991817,0.09983685805385566,0.0529958027454603,0.2026540755401065,0.03242883560524427
0.306112630368083,0.42140892045312395,0.449817878373314,0.4138997174785755,0.20352152851433283,0.06041605586524825,0.03793601850467292,0.3289347500613433,0.09179256836571063,0.31118583715921433
0.5852882269253823,0.96603105948884,0.9911480431239585,0.26384986684666567,0.9658179497652677,0.8107135595338764,0.8701152580680489,0.7549616033052422,0.48289173042032296,0.9485480867962297
0.4150912480662118,0.9612893732471587,0.8210244722737742,0.13309861408800988,0.26004529435985013,0.3047680130386592,0.46614231050883254,0.4631140060285322,0.14709765349936751,0.0819073255862228
0.14742824897024825,0.4754848776502482,0.32286886486715294,0.28147027281387,0.4872486653279434,0.22271029943304668,0.12861104685034247,0.23071386893372786,0.881699307750974,0.13030700008267604
0.9488749798830278,0.949905776335874,0.003525709283018197,0.8812663291806382,0.5516479482004621,0.14181293329926895,0.799089532125208,0.9241367184304055,0.27148154345788356,0.6088653000714965
0.8693536163862589,0.8910916238798837,0.7898368646036419,0.9299119718836645,0.9280388132488517,0.8486930218841044,0.8085444291449774,0.7598510166003116,0.9092306498697321,0.8437159578026272
0.30201479444226303,0.7238916349245954,0.47513395964848804,0.4843513432146641,0.33681873899214565,0.8076084967905522,0.6032990126244173,0.03564425734277794,0.17038651146646552,0.846039769093829
0.5616772785974066,0.5461898815930419,0.499813711579291,0.8978084713094998,0.7153645999419146,0.2634263779016358,0.1724125954865552,0.5228729108189927,0.6123305056637289,0.7441474073351195
0.8071026652374096,0.6147010997727165,0.8787897233090565,0.807985816641351,0.8338534845503116,0.9391399136537788,0.6925174683663015,0.7153693563752497,0.46604579516693495,0.6249704723489786
0.1078023079083464,0.0076042258740539725,0.014708978614854961,0.02455151960321511,0.023837708060231954,0.019679470623859583,0.017799981001434834,0.026041277505990727,0.03693673304505047,0.07333035819898827
0.26166874832574194,0.2631271297211263,0.05896620634460357,0.7794522976954222,0.5729299715701104,0.33322705197975583,0.04276859621014848,0.8713176452205278,0.88629650432471,0.16432703269836071
0.2696200230041811,0.45460577296771293,0.698741915509391,0.3496691258391849,0.7638031492752984,0.7305531112575501,0.5043542045948157,0.9210506719042385,0.6186447256363519,0.934220272846889
0.9615508148810297,0.9264759009916347,0.8256580955495062,0.8466201861191545,0.001038945093802308,0.025935285201975713,0.04800284512203727,0.32601232303407157,0.0907547967837733,0.11839046100369469
0.6918970578370633,0.5554347025376908,0.7161222115031283,0.42151319480083865,0.6526351116321079,0.3310013745360977,0.787111862658588,0.3985684525582895,0.790112412310152,0.7604007558519263
0.15261737361736954,0.7827230851141685,0.8249361885090349,0.6008988639594386,0.8475373804549382,0.7844572975810025,0.6915482661890366,0.9642768202849498,0.3486202795030674,0.4373847065860033
0.8604619372178126,0.4861570693534817,0.9535212585603172,0.5790610657499535,0.9686516757168403,0.371777612644282,0.5437979511180997,0.047938762006732256,0.48956631807161755,0.6635738282464396
0.9318854855575374,0.7840229476535693,0.7992293750546575,0.24543467050801904,0.8537665664562641,0.658912557703534,0.3631972317870919,0.11817973826457043,0.9556487359623199,0.9629240488554937
0.2424950402686614,0.15087886160779299,0.05370507584010752,0.4847691874348219,0.08566018385017163,0.02270598277200014,0.07007498891112499,0.06716637552167638,0.6557365513604669,0.03452317702335885
0.7683546284266818,0.5470106062961279,0.014126497856528841,0.17021208700598248,0.22181590581894953,0.14850444912704064,0.27900647770119724,0.182763715410623,0.4750592255758366,0.6419344293860363
0.7419832676536053,0.2405675510101501,0.6892255788198081,0.8466026317006412,0.4033292003234674,0.502071549845036,0.9018992112420006,0.6206843982880732,0.8476156448158843,0.7776307079687413
0.09497579451695931,0.8444243396585717,0.2710870609685096,0.29261440496470925,0.19408190205399933,0.3594660887149359,0.7655610871142097,0.46802508215780947,0.08543790363595283,0.5524553671595122
0.5343836582647854,0.9572380593059854,0.9150800604768279,0.7587547553763583,0.40916232831157073,0.8679653563969628,0.6698511092679114,0.8721220639217289,0.8191569834510586,0.9345863743595653
0.7793403910287486,0.8341654829462287,0.2565569846480965,0.9591184941804749,0.7972841971565967,0.39780353269573365,0.8504362264027419,0.9338801470597499,0.7307892144000601,0.6045993704991159
0.29947555735583326,0.5400666155708483,0.3341378176197748,0.12255720015805353,0.2370513660560107,0.8804176216723739,0.14100436062993485,0.7804969302261666,0.3168380886664077,0.500955911932709
0.6581814939531332,0.31734922278125766,0.7233118343079075,0.48754073819036825,0.9061795922129267,0.5866910180756915,0.9618827051034788,0.716838956162806,0.571139502674079,0.6515034292890365
0.8634672239068161,0.3425488393074282,0.4899196643828606,0.3937793571147542,0.7450691829812355,0.9304099629723669,0.4538438594907599,0.9117452961359969,0.28130020903202846,0.8171260104368577
0.306431699162659,0.7532970452782868,0.3725156768013159,0.39254158790468824,0.5899193909781278,0.11670638125084891,0.3378276502484582,0.7955333561184714,0.6569017863909694,0.5619234706670904
0.9177980026375923,0.35491296415474305,0.8224150340635624,0.3039210722556931,0.8788156026381655,0.45713875459418507,0.8980468028679482,0.5269169525910784,0.6056877868121713,0.7353516228152861
0.15096220889975126,0.8468322108901278,0.39181556304116444,0.3231546868037825,0.2830634042444934,0.34557067741700453,0.7188364831366534,0.517194372362556,0.9579723033706751,0.0611231627943195
0.7207334229799065,0.6422041701476592,0.9031353379981738,0.5167803182320027,0.5470344800565726,0.8579270540759583,0.12081313549213554,0.050114155515020575,0.8174585010848233,0.2961739542604557
0.9372032546368759,0.9031046965546498,0.443643561508808,0.7309736342001989,0.8348443031152173,0.22408001705424693,0.7762878958861165,0.8438929884628743,0.4688125732384321,0.8382141119094872
0.6210937952283689,0.505969908908024,0.4326041281102479,0.36751195915956847,0.1137202833727062,0.5936733653681403,0.6145398248620259,0.4428553279944788,0.0061168730842928384,0.2269990436259095
0.1174767577150483,0.659784970260046,0.24365212766886904,0.5381673657234947,0.5206452259241653,0.05182395386546083,0.20428041678321507,0.11414456229039305,0.2078694504001743,0.06922191986708871
0.6302595178884025,0.5287377481904191,0.4958679876517881,0.42016907551531574,0.9983774360491857,0.8775058478057189,0.8346888467033473,0.6675039775248874,0.8656154672271984,0.7819558240601591
0.3758945696312524,0.2404635092561044,0.14832318999883812,0.25983865045824833,0.17414820283469712,0.12162780357285988,0.35811380997384784,0.050536114192319806,0.07637833726552695,0.12072839740177913
0.38341573825944963,0.1864524255692104,0.07545913245500914,0.3201797171075755,0.19720146396987126,0.3184371642060178,0.17265898492735582,0.10283041543890997,0.09130554129373578,0.18130292877021695
0.10399552187343473,0.8474050576547545,0.5024496711623224,0.6216304914287312,0.5890851962400114,0.9145648444635471,0.1335764737789305,0.22675852992455764,0.8979832595595263,0.11982524250394591
0.09582401483592247,0.8009986959071228,0.7022936991347952,0.25088021234336966,0.6219319219401478,0.43017643816580936,0.6516333332325978,0.33244228135596576,0.9073980594229203,0.6151109190885784
0.4788620781399371,0.876485073409573,0.4847612401262961,0.6227684858523865,0.8541022340458766,0.9003917028898873,0.8867431005641337,0.9549068037492181,0.8245463532428051,0.7609457478294661
0.8279025780935931,0.7607778739632791,0.8401533916745554,0.883642424050167,0.21528506092354271,0.6208207915296335,0.7404212170954465,0.6779470424696556,0.3559193344013072,0.8476157294090161
0.3381482515935543,0.02650631695725573,0.0187147591361151,0.5398474715453184,0.11658490799784875,0.10240796575769513,0.5443084680321331,0.20413411014824803,0.010884570219455722,0.10973725343567291
0.16264946886060738,0.3693224507231769,0.1754736932988145,0.016973308559398863,0.7477881153094348,0.9547018342626757,0.17177547556633668,0.21406993774683433,0.27991541056560665,0.6021684177080013
0.316386447801577,0.5771861415778916,0.983338168906685,0.5103764126681394,0.18516372489591038,0.583280556379633,0.26346884937389126,0.22054554274058127,0.7302869133160532,0.3109776739431457
0.06906439358901877,0.06954439308537042,0.38543948874441664,0.010774299818814127,0.4324267490283774,0.18890166293287894,0.21888281189464956,0.44526393077674753,0.062057437130919595,0.08872275199744367
0.7444678208983204,0.24480703266784842,0.47131965866918235,0.5159591394829134,0.5717112253163248,0.49385051848904843,0.32510417052676077,0.8073941894736157,0.9889841713157779,0.7292298462608802
0.5746641928080195,0.0028126735428487012,0.28201349067869774,0.2208859625803829,0.08552440623097447,0.026567527120214197,0.12023435512992756,0.12200038213729232,0.23008432700501136,0.16163663751810411
0.08212702998876849,0.10117176154246904,0.04378461912297059,0.006254693839553737,0.2540841380027792,0.1292906064812991,0.08108002882326129,0.06445981757740551,0.01643675608418735,0.040392366750875895
0.3744707580572993,0.4559150241375643,0.6374766538065724,0.8898580103523943,0.6366095815721029,0.3438017399389568,0.20427262645668134,0.31636958761436196,0.10006911850148854,0.41107223050931324
0.09550856397402635,0.11756119213616904,0.15705869059880448,0.04749419916954553,0.08670226616575465,0.26150959455312023,0.16698562072229933,0.4104280316273306,0.013458526924007688,0.0018853094210045066
0.16249777613090952,0.34557953260146734,0.13223469624437392,0.223799382685648,0.1099473622612929,0.07611718702977208,0.3753553994801083,0.06885747505884941,0.29526957226276485,0.013517631929557536
0.8728543299066223,0.8476974447494964,0.9405673250769121,0.9047871380593647,0.5884099157869122,0.8287170224905008,0.8950619836501195,0.7348526068743286,0.9535785704574009,0.955651001721042
0.8746232792204505,0.9099711400574994,0.9163963689604894,0.3426968542971568,0.04867582153592004,0.604412636544023,0.9951228458916096,0.8009615245070821,0.8014455009424302,0.7326133958266112
0.1581309788058239,0.36651037117572466,0.09665831941764733,0.08783057298207285,0.15323153620291532,0.3523155779537893,0.24221954768829623,0.1914386989607114,0.17348666041671804,0.25853801413496835
0.9739757690969907,0.6535799825789912,0.8047244944492432,0.8674463063864641,0.8786358409734074,0.8513303935155525,0.8392612257482404,0.7407174968007375,0.6919803016358133,0.5857859674147341
0.1822208591545974,0.4637191402376601,0.1863025856721852,0.251441680170157,0.9059892085449073,0.2570393597544076,0.26447229881635026,0.11077267449992333,0.34524018681412844,0.5649217139090077
0.7539465283033356,0.5111417670512016,0.017707107838479653,0.02339781678616355,0.193759721604597,0.6755122375805134,0.6192347017383291,0.12213087739309059,0.4587950859423936,0.5536939490259415
0.7398407318990924,0.5334393845276947,0.5548228569756684,0.7675830948709534,0.41033824977704614,0.46753803380657155,0.6672625547099886,0.8379426592676331,0.5325416424623001,0.7559604824005899
0.17944059054895717,0.0047129173047325825,0.09123261205293941,0.0648320596108057,0.04577146384659523,0.25696613126277645,0.036824286458166294,0.14701680665870506,0.04162364446617351,0.010157000897835325
0.9665846075205596,0.9135994657844951,0.8929792971059185,0.9021001753053992,0.942939764555909,0.6650993705822332,0.9466626841807454,0.9231423300754906,0.9165531661984507,0.9809900553452767
0.12114799693164537,0.06019761632513363,0.26450838532563453,0.2030764169653166,0.03891687845076334,0.013006861603238641,0.0984515770614358,0.1336667602698899,0.03381050371124427,0.006599362360358711
0.002506701283145569,0.03662462872169176,0.09108262245754371,0.0942114220883175,0.0436726641741997,0.03230527981584984,0.08149222509855299,0.06446665774870593,0.03873132869637309,0.15528165047549353
0.27362959166344214,0.8105939754615472,0.7641418226926258,0.8333964871406885,0.8845384839366723,0.8981514234615297,0.9823033535233542,0.7916978071275366,0.884608602930698,0.5412262989080266
0.06446888404134428,0.061608511502984686,0.045197182950467284,0.01740250227650616,0.23307548548655962,0.2193461754104578,0.09110311187073043,0.3041932343797946,0.11446878922773189,0.38796476163194105
0.9082236155217818,0.5916140257430977,0.6748287460471305,0.43335738932089585,0.5389865049444739,0.22362683513442955,0.016051895186751004,0.3762485564868764,0.5599414960598457,0.21617984833277223
0.952190035308301,0.9279113269527761,0.9447991740485436,0.9622710488463011,0.9368328044946319,0.963068535846108,0.9139658846210656,0.9449414181648454,0.9739042257913305,0.9731917769884076
0.07255766583506879,0.6596153542389981,0.08361410359614514,0.4983915460783247,0.06953595824506677,0.06908728355657545,0.25395212202630413,0.2118394605767454,0.019452445312909426,0.24472141473206255
0.46090939049949886,0.41394983682292824,0.0028022618578035655,0.7486828839473765,0.6571802223810279,0.43388667635631034,0.48277065873116765,0.4014688756290441,0.08670837547737224,0.07405048245822997
0.8210652997309345,0.8892726503649264,0.4519095449200389,0.6872125456166804,0.4208066504673871,0.3531032843089421,0.839061170370477,0.6943301616467195,0.8283245380572668,0.2151599635553029
0.944307761773926,0.052132233202961654,0.9298620262982988,0.49868114861468876,0.9349788518868795,0.8868609345248752,0.5459599903881226,0.8800329229635948,0.2346337404374036,0.8814746393927301
0.7348152772114562,0.987165630879062,0.8648784285143373,0.6167667476817913,0.16100784917992098,0.9104363171270297,0.3743844713995447,0.7963359597086564,0.8804043075624146,0.5569907654327974
0.057829636684290656,0.8847569949876375,0.5770470788476434,0.1745075014210101,0.6592129245768141,0.27948020984668304,0.733140655907738,0.256643539667751,0.2845387095530071,0.4104836506208896
0.3265120802367101,0.9288040723214446,0.1310079890189036,0.056462874454096805,0.767399921218157,0.42235311779920426,0.8815551433030272,0.8821174689690664,0.524751606005327,0.06985897625537466
0.07259788606340906,0.24801385390618963,0.0810636656389426,0.052841962563658515,0.6241496879769447,0.1450475969139962,0.10071330441839252,0.6075450347179854,0.23518316021251445,0.15854891626057763
0.7688916637871099,0.66012226784676,0.10680181156499587,0.8967333377669848,0.5660934450491456,0.7624394064725434,0.17219014192121607,0.4424717968612165,0.33340915353492506,0.4428458953735346
0.07891183274393841,0.24024093081591635,0.16566018373651853,0.27714385642842454,0.15110269450183975,0.08814182508626486,0.22847539791920948,0.07805230993816348,0.42111827929299384,0.14296891367558254
0.9021352968323548,0.9151380480203807,0.5229951051903932,0.3770121247208372,0.5070492095156259,0.37220479192399547,0.6101177014558096,0.253995950284445,0.7433871483885741,0.13037759463583448
0.5384168115755035,0.5231300846001083,0.5940340142780521,0.1519865188469237,0.1764551772065257,0.2609927763744085,0.3150577123495117,0.47858876965204533,0.30841417749776656,0.44607142028257674
0.782385476688247,0.6837523450876494,0.7416088733000941,0.3746229911357054,0.5980416014508629,0.715961123418067,0.6669388308719915,0.5848662746982054,0.27101825839360455,0.6072243434635313
0.6368386811828646,0.34605095777751604,0.4070838961049452,0.8449850368866949,0.05595935868424089,0.42836900447755566,0.9380312482667542,0.49342199556870747,0.8253249683177782,0.6780352271818071
0.751467615183729,0.9628028155835239,0.35268158721298637,0.23452875072470009,0.9946824887181108,0.9539516848406174,0.7365287851546976,0.828717995464281,0.968194421518175,0.9332768629939343
0.8538928318742178,0.7522537267071375,0.9632965761741016,0.940042921980317,0.5788199184329301,0.8878766783192167,0.9010329587343874,0.47629762424701627,0.2805889873480949,0.9014037790609978
0.059138556967195555,0.16322822607883655,0.5786402937915537,0.15545481760990887,0.44535724941783816,0.772369277504491,0.13762875282640458,0.0795322185501123,0.8956138720575285,0.28187415342478217
0.6225685332194921,0.46564513981442957,0.20038507065881705,0.2525526264301887,0.4383969704460803,0.5878021601489193,0.12485761443966031,0.638409286033268,0.24840485014348102,0.04859394292559914
0.420373695195235,0.437659157488115,0.6953396549237034,0.9151461235483755,0.2233741567992797,0.5983607993678636,0.2235249591876412,0.6791248323384611,0.7078754605707214,0.6920743983444757
0.44699272949814817,0.14705577222872263,0.6314504375788175,0.6579197597653722,0.768585479104784,0.36040548159242475,0.1153140415670996,0.5925950920824018,0.4920848084771521,0.22773367417838472
0.8143228864522145,0.8509348530459062,0.6376936955611352,0.8931041122676486,0.865473563060455,0.7029732129221862,0.3567623643796176,0.8266030798221483,0.8224548562878715,0.7594494188598109
0.4370970320745629,0.8576323278259765,0.563361415732127,0.9846047030944358,0.2970334633548609,0.6023753176831452,0.6499277031917559,0.7743463619440081,0.8785818044288202,0.5120714404722232
0.22268455277493188,0.09493821536171293,0.002659922269488226,0.045285408277342266,0.04274404841058839,0.03167733798361318,0.21747493089075962,0.011232422330772837,0.013609155223712768,0.04305736631137107
0.1776078430246668,0.5758999436066845,0.7142647882164805,0.5564375131846185,0.5769271485100526,0.5526091192439935,0.8254301589940548,0.6492249512619817,0.8823923546525246,0.8854596303948385
0.1891080643288371,0.11029442130843359,0.34247543551765397,0.10134605882450683,0.26313048472174516,0.49420317210395687,0.27813529355075195,0.2010938183127786,0.09282481647257054,0.47203233919229703
0.7941149579506789,0.9180236764388472,0.8636644789135567,0.8040028163576456,0.4649881739093445,0.6160404340019112,0.8227917067339185,0.6169833029867328,0.7914594650612965,0.7306216130411798
0.24225115103042463,0.5100144004453064,0.48736316360764576,0.5533518045464948,0.7370284257665105,0.7706849559394207,0.0850915438683553,0.6327577408123264,0.7713782172951272,0.3930143864620696
0.24413857906440473,0.2671792557036238,0.40935795237434913,0.739640726888029,0.6790674926675309,0.2034123727384176,0.5342783802783112,0.9300345492958176,0.1685786381652681,0.9332191714080722
0.4292846062832608,0.6986495201547527,0.7056302892216426,0.9712605443370264,0.9537375606153675,0.8336083217815604,0.8704802746491729,0.8523813887236332,0.8931652425277087,0.3790232461269376
0.740029229042356,0.2793642076262618,0.4760063238594824,0.5098523129194255,0.03008431291322265,0.8091963598788636,0.1671786632043967,0.8172120984847646,0.6866662290818975,0.707554113444095
0.2956425834167623,0.4709060348000902,0.14837629556017007,0.793943368632122,0.12201589988542288,0.4375639996850587,0.020605803878202884,0.189995435782508,0.8721699073016702,0.07616089539986044
0.48591338875791185,0.9663160403582665,0.8687461301166657,0.5377886485781264,0.9721228052406942,0.8487913785784666,0.577287916701839,0.8829127219268896,0.9347118772941063,0.48416220832780177
0.7370859702464116,0.1250050879521962,0.7271250620332435,0.32720812077349387,0.22775957111901224,0.07658496708209166,0.9700100214730472,0.6831743540015836,0.4234883855856077,0.7729817814471439
0.21410840996197142,0.8633134991246028,0.7960065113297686,0.5149436434280156,0.7016412785154067,0.7547910693916596,0.9499293660213798,0.6488589214958551,0.7174036985287657,0.924217817063629
0.7402359865756065,0.21904952219655213,0.5405083088461696,0.26922099562498525,0.5715300157765022,0.016389267087804214,0.031288995945803665,0.03667267585795802,0.17375865269653695,0.1266788198190053
0.48514407620968236,0.12353085087639179,0.20274522170099174,0.9351212874418422,0.5866633326874227,0.02425693646578619,0.4828708095909552,0.6540961008632509,0.8995813310583063,0.9070053177626524
0.277378235508827,0.39101141386477833,0.24674987924925978,0.26821712035673806,0.6783021190594902,0.17642208457756084,0.26861832830832344,0.18884278594148235,0.12386270760444341,0.24821029100451197
0.5516019665856415,0.10112648911808085,0.32360626134343207,0.7124315515159292,0.550684453035076,0.8819537904643537,0.8975864414817123,0.1965199420112866,0.585833917991325,0.1195493186755014
0.96681489663245,0.30437910545080316,0.9011425297298714,0.777335030370086,0.7862921670382834,0.7900827999208735,0.8255359006810934,0.6371907429283186,0.42507960325273136,0.8000406614258194
0.33454795016522043,0.3579935249589464,0.13823657066444997,0.3535318032907689,0.4492357726084136,0.017737498944272796,0.06788448573863855,0.34096131529161855,0.09072421104791188,0.29003582339608447
0.8443555452859888,0.3481876519875937,0.16917042098963425,0.4286381510394967,0.4000613731931923,0.7673584696274922,0.6496220878180186,0.5093557361935708,0.38421852952818336,0.05906342776950564
0.3749106809842113,0.4937269790395059,0.04656510881037875,0.13956309748224385,0.8227481758891695,0.06704270304966381,0.41006804842590194,0.6992571381137107,0.06679372737806692,0.19334655887485966
0.9334933336944367,0.8617733633763511,0.6007306611407073,0.8322586807826624,0.9218181118198807,0.7848398074136624,0.16375306583895813,0.9327156992019175,0.8833347190383535,0.6795621590118335
0.9845728515066449,0.300203755345012,0.9149162801896211,0.5632376389371822,0.8205747436195635,0.4680943431938896,0.879187579536652,0.9727239667585531,0.6794111871032877,0.8578763877839468
0.052598466202129726,0.23335432150734695,0.3451595516413888,0.571659151841327,0.669873306806634,0.7350081763269165,0.10878421400767099,0.301056424460565,0.23257442588072794,0.693734466752822
0.26955986277443733,0.4467174691130229,0.312693527785979,0.6104990129993739,0.020526962190347123,0.4016402341616764,0.11328620371940071,0.1686211643763964,0.5818765950781253,0.45652961503578143
0.44014355340841416,0.1784468838143873,0.9339996354921789,0.4289734553112107,0.08045010167823531,0.4514872592056498,0.46808721248473895,0.14936050690036157,0.665948575692182,0.44207676479752767
0.2401310689682084,0.5624296524455366,0.8481855753396631,0.5033951638754542,0.7517242668053288,0.07062268836595845,0.13518422556647655,0.4930569094122432,0.42561970486577483,0.48952589917085315
0.9715631165721801,0.8891155353811538,0.8719559977667406,0.850947176192834,0.827859849954565,0.834003808967799,0.9177352489520734,0.9143139585958542,0.9336142086783411,0.9506415824319422
0.7154354572851995,0.7987291601695424,0.2791824092494045,0.5791842815246397,0.34345390868355924,0.8299692431569944,0.5902673845642447,0.616011249550685,0.8535294873389548,0.4910225229171067
0.9588466263141017,0.8558414766055364,0.8878032084256707,0.7046587555528381,0.45133009809204405,0.6364040663415655,0.7358610695255853,0.9565446517589643,0.9155314407078589,0.8984198641196591
0.9992839214928606,0.9956455182447705,0.7974293472686509,0.9876663156711089,0.9858018522746311,0.9459985368698798,0.99309868911247,0.9951764124552461,0.9746252248851954,0.9742271598549361
0.04851245382399857,0.04454223027529362,0.23379265821746723,0.22046971908811533,0.13215852339064552,0.061833970982624664,0.10105365423229208,0.06270640798448718,0.2642631567002224,0.19806761174190782
0.10983857264496036,0.07181514140435356,0.06602037030407006,0.24759513178068437,0.07623518935582506,0.8230252176674074,0.20141065967085642,0.04444052947363578,0.032211792572567115,0.6206533706591726
0.36552330780077974,0.41024131117926754,0.6349838293090342,0.6325788602500984,0.3712801051789346,0.3648891600692866,0.8692825254755362,0.346961149098151,0.3503057930260942,0.5920919530441399
0.8128313015202443,0.642663485127378,0.2926689365936168,0.2913651158038736,0.3682049288574262,0.3899295645062397,0.17939963445385765,0.3159965586149788,0.5818689490803521,0.7147529947266752
0.8620233371833572,0.9671375363223409,0.581924016943544,0.4285867834275766,0.8420108339024184,0.7775692954759699,0.6600085338454063,0.6109296112068114,0.8062503423674573,0.8797866578196548
0.21184723625587956,0.11565184058813192,0.7385795916926028,0.4967282017568272,0.4670143742251208,0.09483402747106308,0.3941361128533223,0.4114125930828515,0.3446377271239896,0.13567862171748402
0.5271287976817922,0.3067784105260629,0.39482806012448146,0.120080531864559,0.5389461999684636,0.2275869626337934,0.2732356992145999,0.22705838077008084,0.4400760840689444,0.534245671156689
0.1644376526156408,0.0467597408854173,0.2516269236123126,0.18887957397342262,0.03017297660445017,0.08820028435884159,0.6027769589951272,0.3435042710776439,0.43955465145519235,0.22251483605085462
0.999146473338083,0.9899992517525931,0.978239657074335,0.9909482951101597,0.997627111746842,0.9968062842680082,0.9933975149842708,0.987714987205604,0.9920402852728981,0.8235263094520486
0.40119263180627873,0.09040472491802388,0.5766472000070266,0.5955596366910382,0.6808386492860007,0.8048734364838269,0.2504872692446749,0.8503992249827134,0.6658656549964782,0.3181627724072136
0.4783204798386771,0.37544825093937795,0.3462628929830519,0.24737915198857036,0.6473384372506623,0.08925267636810628,0.952667217901732,0.7472531546621259,0.42073621374238446,0.28013221288973184
0.7234121941899443,0.3810539582745119,0.25415724609510754,0.22562964573752037,0.3868726402823133,0.24831629431136604,0.3126522356281276,0.2204385668751609,0.8680460648984778,0.21951919858873664
0.9714707983150563,0.8284725358205953,0.9553128746410405,0.8316738474557154,0.7476916550801338,0.7411240349332422,0.683061593605347,0.9081522609265669,0.7325338272160231,0.8351964523746148
0.19780567271974667,0.0063977673538337665,0.12315781745630289,0.3050999785223715,0.6392807239107623,0.01811620698642207,0.24218099368477314,0.06897674330003242,0.2751592858588968,0.08027231266353857
0.36141322065201953,0.2170314572473379,0.1402005316473078,0.03975754463176726,0.025579754424641978,0.12912138189636216,0.40069689232157935,0.3220909041202823,0.4443791268079397,0.2209905747135459
0.15461288248670316,0.06912703652497924,0.10362777760030142,0.13225558611768726,0.08639536268674052,0.6169974930088974,0.21859409614720268,0.31825224777779615,0.18139540462932896,0.6625241222878429
0.9220507761839931,0.649314163714805,0.7293282947128473,0.6059475096130967,0.3899147751225363,0.3858232453373324,0.48831342630156427,0.7622299316028536,0.11227284209852348,0.4584968073671617
0.09251523366028305,0.3228873224039839,0.046192135437762655,0.39563588421101237,0.05855748285222286,0.4846996054437275,0.10315871716351158,0.06429425622003553,0.3202159765113913,0.06630296227250963
0.8815850967182426,0.8561433129863298,0.5010721984942083,0.9690664600147155,0.9522678186995968,0.9828735615783167,0.6827817020011235,0.9422411906202562,0.9560275269378788,0.9103747687135609
0.7410377605122362,0.6809634738572761,0.6919625443004236,0.6574481123763136,0.5114851465372603,0.8063940298055836,0.9738509850047755,0.765224867451912,0.8648244159299797,0.9710916409612896
0.3024983455139758,0.6885543228107331,0.7087790408611072,0.08710656188147455,0.6816708867391468,0.3943651999591422,0.2901074009627095,0.7275823738404215,0.564565926425721,0.684338893726699
0.2144154486038978,0.9227336650505426,0.7682713821991838,0.5827822150907818,0.8077465455427268,0.2171846702313868,0.4976925821079236,0.3108149744541526,0.6456276622265921,0.27556074790293533
0.4640421409808483,0.6032550043647168,0.5159506682711469,0.4912063138282097,0.6394631781638999,0.35697353396674203,0.8758637094421344,0.541291109638327,0.9386568921867398,0.6245172045382582
0.4731667533881654,0.32999472816323316,0.19657060738289445,0.6709021461216114,0.23659525599178308,0.6638940076084059,0.9024574897772398,0.4437251958408118,0.09847837622757334,0.2761825537137992
0.16355701382037624,0.4596192135542091,0.2746294278133269,0.767487761357803,0.044163987825249884,0.021152836496680687,0.4615648195551806,0.18128314403673876,0.16718729431673798,0.025075431708369744
0.03569114287760079,0.13595822123295417,0.545371930995024,0.24709539638820244,0.20458783632610478,0.406196081516241,0.18578324660331555,0.21985930392187664,0.07113610487404567,0.06543910988607816
0.6781752593874675,0.47027532771600566,0.4868556554848311,0.8219641074297954,0.3369188208736481,0.6216874584439893,0.9447174917484014,0.22242658260050627,0.7350361011422294,0.8488424830530928
0.3587743068796343,0.2824028520314036,0.4499847390799157,0.8509048482621513,0.6024488866037688,0.3741761637173481,0.783988676741513,0.41722622860362646,0.6473330570827625,0.4531534277100424
0.04511554926965566,0.16780304521300332,0.23258473463917503,0.20785533515837903,0.6142293343594132,0.14137917947382525,0.21007132756736027,0.07120502043945456,0.26920722775565187,0.267274197794396
0.7638417305427986,0.5339526396826377,0.2004991750724877,0.6963855257564275,0.3469995631571891,0.9563576836497568,0.7922924689813047,0.5669536232535826,0.7114823219464401,0.7426438439095651
0.3511576866701932,0.5128235714847806,0.36383750666915715,0.6522215024727291,0.35462935361517495,0.46993670720804026,0.4588809494941626,0.13851625815033566,0.2880607538972264,0.4917067535460282
0.033361716565550634,0.27009947466712847,0.11048910797869384,0.07997723213932546,0.3985324093479409,0.25925032159323513,0.5208909101849731,0.11958578838365094,0.03880350755870174,0.33744258852084236
0.08120395580293692,0.10119137935616547,0.10274103343015606,0.11221487594947241,0.16433276066787708,0.05669873597582781,0.18455996173609177,0.1666716201820931,0.06069796022459586,0.3546207600309722
0.1897336635779674,0.6652665617238993,0.1754754164384612,0.15033954560834137,0.44467530882368944,0.17949886978177046,0.8539050937153434,0.5866184256997613,0.46555321210763145,0.4176010558604447
0.6288952272881214,0.9171947644200373,0.7507230932739606,0.904443678713504,0.2766719678392012,0.2628712237105223,0.9587012253289845,0.977484305524451,0.6724080721605985,0.9069397557075967
0.6051561781920718,0.6537629124269873,0.5745028601664308,0.8769381436275857,0.5213938379282317,0.3407647695577678,0.9164729250663758,0.74466000773559,0.3431514140194082,0.7671613498101036
0.5225658166733081,0.40650567596358467,0.05097125013216022,0.3646543972620004,0.4269607594620037,0.4456294052706703,0.4453510106956097,0.3715917955045278,0.37927764039617873,0.45608505631896495
0.1630042228062141,0.2567347144203644,0.09532768471946786,0.09394523281852082,0.22789425485811682,0.45031569310280467,0.5457298215780213,0.09294298365385244,0.6743932322411748,0.7184289806276425
0.2925327917110174,0.7473541352796405,0.6314695292225365,0.5640788595055627,0.18657005459430212,0.6912965733934724,0.7157694284433613,0.480505005733259,0.29951507871989913,0.04552210868946176
0.4176056278785403,0.29510093201120785,0.7902329927731965,0.2951826507058959,0.7739627852912359,0.2072830910470527,0.3103493068078531,0.7954611891259817,0.48811199931240434,0.08562938820078132
0.8767591729032671,0.8308668323125167,0.9524567591170445,0.9848986947720489,0.9670827786112485,0.8359387511344963,0.6648179777361225,0.48946585762113304,0.9354292287257862,0.81112224470097
0.1405799296363626,0.5639402007799998,0.8672398849776668,0.2567975693491463,0.2905308371406211,0.1958454547852749,0.04611760458697074,0.13854872963064616,0.35476536027704686,0.031519809425504704
0.26225758752576056,0.1449658064466779,0.2845026504129627,0.4162154762589044,0.09572548732238696,0.3778900583245629,0.24244871473716476,0.24243446876153626,0.3451006827114943,0.7565209796478696
0.8132313435506897,0.7108437291040026,0.2638073373740624,0.2203582816177227,0.044020066230277245,0.7235795429156475,0.3259000485957038,0.12101960862060122,0.16304849698597018,0.8785940779804088
0.07672051121522164,0.13244495598716907,0.7646587002965612,0.721381660613917,0.4277970186844574,0.06449317256173318,0.4670883027795859,0.3821114989272818,0.11089069787190017,0.11843781392907107
0.4632966376754003,0.3951949250893605,0.32145539701533576,0.3195609440793331,0.3020487795764734,0.21213411725666537,0.2878060609657389,0.1801939366610816,0.3457276420897939,0.48756306648039993
0.6855961623742562,0.7846890182698059,0.8260133268880221,0.7960216911277378,0.9003634302848015,0.7036726242539282,0.8681818624143753,0.7276426370020597,0.9252523148815167,0.3670204114747765
0.806779757726933,0.833543379174358,0.46184709970062787,0.35688448068289436,0.0869877025033245,0.45447933209445246,0.3085876217427599,0.27082498829333057,0.18786677430979967,0.8342389279790663
0.7861012781303182,0.6900491430952371,0.7045548015473777,0.4921558755778243,0.8737372599380011,0.8856277553880196,0.8207343444035413,0.7877125090387528,0.26272365127482145,0.9314560950521356
0.18929018452822916,0.15343049075392068,0.02900060779320823,0.26998631108756954,0.02475607922225076,0.015104300482808206,0.4745578373012306,0.14146020909116094,0.10658784599828078,0.06971243888912403
0.4670469346742206,0.20450571447100074,0.09941532447971708,0.21760866676928486,0.13230907282313895,0.188878530051556,0.2932129759372895,0.5466643085535168,0.8024006048441578,0.21656229992476644
0.9259420234127991,0.6237199102396876,0.6368285794891757,0.5611396990197366,0.21313099822700918,0.06517727967130703,0.2868579614693643,0.19224483577507803,0.37247268997146976,0.17359537577675258
0.31002147113491396,0.013392158873845724,0.12956629124343266,0.061340774483260356,0.29518592650112885,0.1693850865285931,0.5188588780686447,0.4934013180009504,0.08731334363090269,0.14324133043656118
0.4294081770561168,0.8433771855007111,0.6929099923391366,0.5880263701228545,0.17616048138219678,0.3715904787212251,0.7189053814701527,0.6974740394944554,0.4828442121871476,0.5295146811391614
0.04125694358695747,0.07811441719699909,0.06185381884903488,0.20319047399033588,0.2743043192194287,0.006273410295305893,0.04575042878885512,0.009649722536638613,0.09401327875150485,0.00928441555470845
